Scan Mode: free run
Sensitivity: 10
Amplifier: lin
Filter: off
Tuning: 79
Average: 8
Scan Range: 5.0 ps
Gain: 20
FWHM: 1.309 ps

gauss: a0*exp(-(1.665*(x-a1))^2/a2^2)+a3
a0=44.991953 ,a1=2.711075 ,a2=1.325431

time	acf1	fit

     0.000	    97.000	    98.000
     0.020	    95.000	    98.000
     0.039	    97.000	    98.000
     0.059	    95.000	    98.000
     0.078	    99.000	    98.000
     0.098	    97.000	    98.000
     0.117	    98.000	    98.000
     0.137	    98.000	    98.000
     0.156	    96.000	    98.000
     0.176	    97.000	    98.000
     0.195	    98.000	    98.000
     0.215	    97.000	    98.000
     0.234	    97.000	    98.000
     0.254	    98.000	    98.000
     0.273	    97.000	    98.000
     0.293	    96.000	    98.000
     0.312	    97.000	    98.000
     0.332	    95.000	    98.000
     0.352	   100.000	    98.000
     0.371	    98.000	    98.000
     0.391	    97.000	    98.000
     0.410	    97.000	    98.000
     0.430	    99.000	    98.000
     0.449	    98.000	    98.000
     0.469	    99.000	    98.000
     0.488	    98.000	    98.000
     0.508	    97.000	    98.000
     0.527	    97.000	    98.000
     0.547	    98.000	    98.000
     0.566	    98.000	    98.000
     0.586	    99.000	    98.000
     0.605	    97.000	    98.000
     0.625	    99.000	    98.000
     0.645	   100.000	    98.000
     0.664	    99.000	    98.000
     0.684	    97.000	    98.000
     0.703	    98.000	    98.000
     0.723	    97.000	    98.000
     0.742	    99.000	    98.000
     0.762	   100.000	    98.000
     0.781	    99.000	    98.000
     0.801	    97.000	    98.000
     0.820	    99.000	    98.000
     0.840	    98.000	    98.000
     0.859	    98.000	    98.000
     0.879	    98.000	    98.000
     0.898	    97.000	    98.000
     0.918	    97.000	    98.000
     0.937	    98.000	    98.000
     0.957	    99.000	    98.000
     0.977	    99.000	    98.000
     0.996	    97.000	    98.000
     1.016	    98.000	    98.000
     1.035	    97.000	    98.000
     1.055	   100.000	    98.000
     1.074	   100.000	    98.000
     1.094	   100.000	    99.000
     1.113	    99.000	    99.000
     1.133	    98.000	    99.000
     1.152	    98.000	    99.000
     1.172	    98.000	    99.000
     1.191	    98.000	    99.000
     1.211	   101.000	    99.000
     1.230	   101.000	    99.000
     1.250	   101.000	    99.000
     1.270	    99.000	   100.000
     1.289	   100.000	   100.000
     1.309	    99.000	   100.000
     1.328	   101.000	   100.000
     1.348	   100.000	   100.000
     1.367	   104.000	   100.000
     1.387	   100.000	   101.000
     1.406	   101.000	   101.000
     1.426	   103.000	   101.000
     1.445	   102.000	   102.000
     1.465	   103.000	   102.000
     1.484	   100.000	   102.000
     1.504	   102.000	   102.000
     1.523	   102.000	   103.000
     1.543	   102.000	   103.000
     1.562	   103.000	   104.000
     1.582	   106.000	   104.000
     1.602	   104.000	   104.000
     1.621	   104.000	   105.000
     1.641	   105.000	   105.000
     1.660	   105.000	   106.000
     1.680	   105.000	   106.000
     1.699	   106.000	   107.000
     1.719	   106.000	   108.000
     1.738	   110.000	   108.000
     1.758	   108.000	   109.000
     1.777	   110.000	   109.000
     1.797	   108.000	   110.000
     1.816	   111.000	   111.000
     1.836	   111.000	   112.000
     1.855	   113.000	   112.000
     1.875	   113.000	   113.000
     1.895	   116.000	   114.000
     1.914	   114.000	   115.000
     1.934	   115.000	   116.000
     1.953	   116.000	   116.000
     1.973	   116.000	   117.000
     1.992	   119.000	   118.000
     2.012	   120.000	   119.000
     2.031	   118.000	   120.000
     2.051	   123.000	   121.000
     2.070	   121.000	   122.000
     2.090	   123.000	   123.000
     2.109	   123.000	   124.000
     2.129	   124.000	   125.000
     2.148	   123.000	   126.000
     2.168	   126.000	   126.000
     2.187	   125.000	   127.000
     2.207	   128.000	   128.000
     2.227	   131.000	   129.000
     2.246	   128.000	   130.000
     2.266	   129.000	   131.000
     2.285	   132.000	   132.000
     2.305	   136.000	   133.000
     2.324	   134.000	   134.000
     2.344	   136.000	   135.000
     2.363	   134.000	   135.000
     2.383	   135.000	   136.000
     2.402	   134.000	   137.000
     2.422	   141.000	   138.000
     2.441	   139.000	   138.000
     2.461	   139.000	   139.000
     2.480	   142.000	   139.000
     2.500	   145.000	   140.000
     2.520	   143.000	   140.000
     2.539	   141.000	   141.000
     2.559	   144.000	   141.000
     2.578	   144.000	   142.000
     2.598	   143.000	   142.000
     2.617	   139.000	   142.000
     2.637	   138.000	   142.000
     2.656	   141.000	   143.000
     2.676	   144.000	   143.000
     2.695	   141.000	   143.000
     2.715	   145.000	   143.000
     2.734	   147.000	   143.000
     2.754	   144.000	   143.000
     2.773	   143.000	   142.000
     2.793	   139.000	   142.000
     2.812	   139.000	   142.000
     2.832	   142.000	   142.000
     2.852	   146.000	   141.000
     2.871	   139.000	   141.000
     2.891	   139.000	   140.000
     2.910	   139.000	   140.000
     2.930	   139.000	   139.000
     2.949	   137.000	   139.000
     2.969	   136.000	   138.000
     2.988	   136.000	   137.000
     3.008	   136.000	   137.000
     3.027	   137.000	   136.000
     3.047	   133.000	   135.000
     3.066	   136.000	   134.000
     3.086	   132.000	   133.000
     3.105	   132.000	   133.000
     3.125	   133.000	   132.000
     3.145	   130.000	   131.000
     3.164	   129.000	   130.000
     3.184	   129.000	   129.000
     3.203	   128.000	   128.000
     3.223	   127.000	   127.000
     3.242	   128.000	   126.000
     3.262	   126.000	   125.000
     3.281	   125.000	   124.000
     3.301	   121.000	   123.000
     3.320	   120.000	   122.000
     3.340	   120.000	   121.000
     3.359	   121.000	   120.000
     3.379	   117.000	   120.000
     3.398	   116.000	   119.000
     3.418	   120.000	   118.000
     3.437	   117.000	   117.000
     3.457	   117.000	   116.000
     3.477	   114.000	   115.000
     3.496	   114.000	   114.000
     3.516	   113.000	   114.000
     3.535	   113.000	   113.000
     3.555	   112.000	   112.000
     3.574	   111.000	   111.000
     3.594	   111.000	   111.000
     3.613	   110.000	   110.000
     3.633	   112.000	   109.000
     3.652	   107.000	   109.000
     3.672	   109.000	   108.000
     3.691	   107.000	   107.000
     3.711	   108.000	   107.000
     3.730	   107.000	   106.000
     3.750	   104.000	   106.000
     3.770	   104.000	   105.000
     3.789	   108.000	   105.000
     3.809	   105.000	   104.000
     3.828	   104.000	   104.000
     3.848	   107.000	   103.000
     3.867	   103.000	   103.000
     3.887	   105.000	   103.000
     3.906	   103.000	   102.000
     3.926	   105.000	   102.000
     3.945	   102.000	   102.000
     3.965	   103.000	   101.000
     3.984	   103.000	   101.000
     4.004	   101.000	   101.000
     4.023	   101.000	   101.000
     4.043	   102.000	   100.000
     4.062	   101.000	   100.000
     4.082	    99.000	   100.000
     4.102	    99.000	   100.000
     4.121	    99.000	   100.000
     4.141	   101.000	    99.000
     4.160	    99.000	    99.000
     4.180	   100.000	    99.000
     4.199	   101.000	    99.000
     4.219	    99.000	    99.000
     4.238	    98.000	    99.000
     4.258	    99.000	    99.000
     4.277	   101.000	    99.000
     4.297	    99.000	    99.000
     4.316	    98.000	    98.000
     4.336	    97.000	    98.000
     4.355	    99.000	    98.000
     4.375	    96.000	    98.000
     4.395	    98.000	    98.000
     4.414	    99.000	    98.000
     4.434	    97.000	    98.000
     4.453	    99.000	    98.000
     4.473	    98.000	    98.000
     4.492	    97.000	    98.000
     4.512	    98.000	    98.000
     4.531	    99.000	    98.000
     4.551	    98.000	    98.000
     4.570	    97.000	    98.000
     4.590	    96.000	    98.000
     4.609	    97.000	    98.000
     4.629	    97.000	    98.000
     4.648	    99.000	    98.000
     4.668	    98.000	    98.000
     4.687	    96.000	    98.000
     4.707	    97.000	    98.000
     4.727	    97.000	    98.000
     4.746	    97.000	    98.000
     4.766	    98.000	    98.000
     4.785	    98.000	    98.000
     4.805	    97.000	    98.000
     4.824	    98.000	    98.000
     4.844	    98.000	    98.000
     4.863	    97.000	    98.000
     4.883	    97.000	    98.000
     4.902	    97.000	    98.000
     4.922	    98.000	    98.000
     4.941	    98.000	    98.000
     4.961	    98.000	    98.000
     4.980	    98.000	    98.000
