Scan Mode: free run
Sensitivity: 10
Amplifier: lin
Filter: off
Tuning: 79
Average: 8
Scan Range: 5.0 ps
Gain: 20
FWHM: 0.410 ps

gauss: a0*exp(-(1.665*(x-a1))^2/a2^2)+a3
a0=55.323433 ,a1=2.684679 ,a2=0.381610

time	acf1	fit

     0.000	   106.000	   108.000
     0.020	   107.000	   108.000
     0.039	   106.000	   108.000
     0.059	   107.000	   108.000
     0.078	   107.000	   108.000
     0.098	   106.000	   108.000
     0.117	   106.000	   108.000
     0.137	   107.000	   108.000
     0.156	   107.000	   108.000
     0.176	   108.000	   108.000
     0.195	   107.000	   108.000
     0.215	   107.000	   108.000
     0.234	   107.000	   108.000
     0.254	   107.000	   108.000
     0.273	   106.000	   108.000
     0.293	   107.000	   108.000
     0.312	   108.000	   108.000
     0.332	   108.000	   108.000
     0.352	   108.000	   108.000
     0.371	   108.000	   108.000
     0.391	   108.000	   108.000
     0.410	   107.000	   108.000
     0.430	   108.000	   108.000
     0.449	   109.000	   108.000
     0.469	   106.000	   108.000
     0.488	   107.000	   108.000
     0.508	   108.000	   108.000
     0.527	   109.000	   108.000
     0.547	   106.000	   108.000
     0.566	   109.000	   108.000
     0.586	   107.000	   108.000
     0.605	   108.000	   108.000
     0.625	   108.000	   108.000
     0.645	   107.000	   108.000
     0.664	   110.000	   108.000
     0.684	   106.000	   108.000
     0.703	   106.000	   108.000
     0.723	   108.000	   108.000
     0.742	   107.000	   108.000
     0.762	   109.000	   108.000
     0.781	   110.000	   108.000
     0.801	   109.000	   108.000
     0.820	   107.000	   108.000
     0.840	   107.000	   108.000
     0.859	   108.000	   108.000
     0.879	   109.000	   108.000
     0.898	   108.000	   108.000
     0.918	   106.000	   108.000
     0.937	   110.000	   108.000
     0.957	   108.000	   108.000
     0.977	   107.000	   108.000
     0.996	   109.000	   108.000
     1.016	   110.000	   108.000
     1.035	   108.000	   108.000
     1.055	   109.000	   108.000
     1.074	   112.000	   108.000
     1.094	   108.000	   108.000
     1.113	   109.000	   108.000
     1.133	   108.000	   108.000
     1.152	   110.000	   108.000
     1.172	   108.000	   108.000
     1.191	   108.000	   108.000
     1.211	   108.000	   108.000
     1.230	   107.000	   108.000
     1.250	   108.000	   108.000
     1.270	   108.000	   108.000
     1.289	   111.000	   108.000
     1.309	   108.000	   108.000
     1.328	   108.000	   108.000
     1.348	   108.000	   108.000
     1.367	   109.000	   108.000
     1.387	   108.000	   108.000
     1.406	   108.000	   108.000
     1.426	   107.000	   108.000
     1.445	   108.000	   108.000
     1.465	   108.000	   108.000
     1.484	   109.000	   108.000
     1.504	   108.000	   108.000
     1.523	   108.000	   108.000
     1.543	   107.000	   108.000
     1.562	   109.000	   108.000
     1.582	   107.000	   108.000
     1.602	   107.000	   108.000
     1.621	   110.000	   108.000
     1.641	   106.000	   108.000
     1.660	   108.000	   108.000
     1.680	   111.000	   108.000
     1.699	   108.000	   108.000
     1.719	   107.000	   108.000
     1.738	   108.000	   108.000
     1.758	   106.000	   108.000
     1.777	   110.000	   108.000
     1.797	   109.000	   108.000
     1.816	   109.000	   108.000
     1.836	   111.000	   108.000
     1.855	   107.000	   108.000
     1.875	   107.000	   108.000
     1.895	   106.000	   108.000
     1.914	   107.000	   108.000
     1.934	   109.000	   108.000
     1.953	   105.000	   108.000
     1.973	   109.000	   108.000
     1.992	   109.000	   108.000
     2.012	   106.000	   108.000
     2.031	   110.000	   108.000
     2.051	   107.000	   108.000
     2.070	   108.000	   108.000
     2.090	   105.000	   108.000
     2.109	   109.000	   108.000
     2.129	   107.000	   108.000
     2.148	   109.000	   108.000
     2.168	   108.000	   108.000
     2.187	   107.000	   109.000
     2.207	   108.000	   109.000
     2.227	   109.000	   109.000
     2.246	   108.000	   110.000
     2.266	   111.000	   110.000
     2.285	   113.000	   111.000
     2.305	   111.000	   112.000
     2.324	   111.000	   113.000
     2.344	   114.000	   115.000
     2.363	   117.000	   117.000
     2.383	   116.000	   119.000
     2.402	   121.000	   121.000
     2.422	   125.000	   124.000
     2.441	   129.000	   128.000
     2.461	   132.000	   131.000
     2.480	   135.000	   135.000
     2.500	   139.000	   139.000
     2.520	   145.000	   143.000
     2.539	   147.000	   147.000
     2.559	   151.000	   151.000
     2.578	   156.000	   154.000
     2.598	   155.000	   157.000
     2.617	   157.000	   160.000
     2.637	   162.000	   162.000
     2.656	   167.000	   163.000
     2.676	   161.000	   163.000
     2.695	   166.000	   163.000
     2.715	   156.000	   162.000
     2.734	   161.000	   160.000
     2.754	   157.000	   157.000
     2.773	   151.000	   154.000
     2.793	   153.000	   150.000
     2.812	   144.000	   146.000
     2.832	   146.000	   142.000
     2.852	   139.000	   138.000
     2.871	   133.000	   134.000
     2.891	   134.000	   131.000
     2.910	   127.000	   127.000
     2.930	   126.000	   124.000
     2.949	   121.000	   121.000
     2.969	   117.000	   119.000
     2.988	   116.000	   116.000
     3.008	   114.000	   115.000
     3.027	   113.000	   113.000
     3.047	   109.000	   112.000
     3.066	   109.000	   111.000
     3.086	   110.000	   110.000
     3.105	   110.000	   110.000
     3.125	   111.000	   109.000
     3.145	   107.000	   109.000
     3.164	   107.000	   109.000
     3.184	   109.000	   108.000
     3.203	   108.000	   108.000
     3.223	   107.000	   108.000
     3.242	   106.000	   108.000
     3.262	   108.000	   108.000
     3.281	   108.000	   108.000
     3.301	   106.000	   108.000
     3.320	   109.000	   108.000
     3.340	   109.000	   108.000
     3.359	   110.000	   108.000
     3.379	   108.000	   108.000
     3.398	   109.000	   108.000
     3.418	   108.000	   108.000
     3.437	   108.000	   108.000
     3.457	   109.000	   108.000
     3.477	   107.000	   108.000
     3.496	   108.000	   108.000
     3.516	   109.000	   108.000
     3.535	   109.000	   108.000
     3.555	   111.000	   108.000
     3.574	   106.000	   108.000
     3.594	   110.000	   108.000
     3.613	   110.000	   108.000
     3.633	   109.000	   108.000
     3.652	   109.000	   108.000
     3.672	   109.000	   108.000
     3.691	   109.000	   108.000
     3.711	   109.000	   108.000
     3.730	   107.000	   108.000
     3.750	   109.000	   108.000
     3.770	   108.000	   108.000
     3.789	   110.000	   108.000
     3.809	   108.000	   108.000
     3.828	   109.000	   108.000
     3.848	   109.000	   108.000
     3.867	   104.000	   108.000
     3.887	   110.000	   108.000
     3.906	   108.000	   108.000
     3.926	   108.000	   108.000
     3.945	   109.000	   108.000
     3.965	   107.000	   108.000
     3.984	   108.000	   108.000
     4.004	   108.000	   108.000
     4.023	   107.000	   108.000
     4.043	   109.000	   108.000
     4.062	   108.000	   108.000
     4.082	   108.000	   108.000
     4.102	   109.000	   108.000
     4.121	   108.000	   108.000
     4.141	   108.000	   108.000
     4.160	   109.000	   108.000
     4.180	   108.000	   108.000
     4.199	   108.000	   108.000
     4.219	   107.000	   108.000
     4.238	   107.000	   108.000
     4.258	   110.000	   108.000
     4.277	   109.000	   108.000
     4.297	   107.000	   108.000
     4.316	   110.000	   108.000
     4.336	   107.000	   108.000
     4.355	   105.000	   108.000
     4.375	   110.000	   108.000
     4.395	   107.000	   108.000
     4.414	   109.000	   108.000
     4.434	   108.000	   108.000
     4.453	   107.000	   108.000
     4.473	   108.000	   108.000
     4.492	   108.000	   108.000
     4.512	   109.000	   108.000
     4.531	   106.000	   108.000
     4.551	   107.000	   108.000
     4.570	   108.000	   108.000
     4.590	   108.000	   108.000
     4.609	   109.000	   108.000
     4.629	   111.000	   108.000
     4.648	   107.000	   108.000
     4.668	   107.000	   108.000
     4.687	   109.000	   108.000
     4.707	   108.000	   108.000
     4.727	   108.000	   108.000
     4.746	   106.000	   108.000
     4.766	   107.000	   108.000
     4.785	   108.000	   108.000
     4.805	   107.000	   108.000
     4.824	   108.000	   108.000
     4.844	   108.000	   108.000
     4.863	   107.000	   108.000
     4.883	   107.000	   108.000
     4.902	   108.000	   108.000
     4.922	   109.000	   108.000
     4.941	   110.000	   108.000
     4.961	   109.000	   108.000
     4.980	   110.000	   108.000
