Scan Mode: free run
Sensitivity: 3
Amplifier: lin
Filter: off
Tuning: 79
Average: 1
Scan Range: 1.5 ps
Gain: 12
FWHM: 0.105 ps

gauss: a0*exp(-(1.665*(x-a1))^2/a2^2)+a3
a0=49.147640 ,a1=0.677441 ,a2=0.101598

time	acf1	fit

     0.000	    22.000	    23.000
     0.006	    22.000	    23.000
     0.012	    22.000	    23.000
     0.018	    22.000	    23.000
     0.023	    22.000	    23.000
     0.029	    22.000	    23.000
     0.035	    23.000	    23.000
     0.041	    19.000	    23.000
     0.047	    21.000	    23.000
     0.053	    23.000	    23.000
     0.059	    23.000	    23.000
     0.064	    24.000	    23.000
     0.070	    24.000	    23.000
     0.076	    21.000	    23.000
     0.082	    21.000	    23.000
     0.088	    23.000	    23.000
     0.094	    21.000	    23.000
     0.100	    22.000	    23.000
     0.105	    23.000	    23.000
     0.111	    25.000	    23.000
     0.117	    23.000	    23.000
     0.123	    23.000	    23.000
     0.129	    22.000	    23.000
     0.135	    22.000	    23.000
     0.141	    23.000	    23.000
     0.146	    22.000	    23.000
     0.152	    24.000	    23.000
     0.158	    25.000	    23.000
     0.164	    22.000	    23.000
     0.170	    25.000	    23.000
     0.176	    24.000	    23.000
     0.182	    24.000	    23.000
     0.187	    23.000	    23.000
     0.193	    21.000	    23.000
     0.199	    24.000	    23.000
     0.205	    24.000	    23.000
     0.211	    21.000	    23.000
     0.217	    25.000	    23.000
     0.223	    22.000	    23.000
     0.229	    23.000	    23.000
     0.234	    19.000	    23.000
     0.240	    23.000	    23.000
     0.246	    19.000	    23.000
     0.252	    21.000	    23.000
     0.258	    21.000	    23.000
     0.264	    24.000	    23.000
     0.270	    21.000	    23.000
     0.275	    19.000	    23.000
     0.281	    24.000	    23.000
     0.287	    24.000	    23.000
     0.293	    21.000	    23.000
     0.299	    20.000	    23.000
     0.305	    21.000	    23.000
     0.311	    24.000	    23.000
     0.316	    22.000	    23.000
     0.322	    26.000	    23.000
     0.328	    23.000	    23.000
     0.334	    21.000	    23.000
     0.340	    21.000	    23.000
     0.346	    21.000	    23.000
     0.352	    21.000	    23.000
     0.357	    21.000	    23.000
     0.363	    25.000	    23.000
     0.369	    21.000	    23.000
     0.375	    25.000	    23.000
     0.381	    23.000	    23.000
     0.387	    23.000	    23.000
     0.393	    20.000	    23.000
     0.398	    25.000	    23.000
     0.404	    23.000	    23.000
     0.410	    22.000	    23.000
     0.416	    26.000	    23.000
     0.422	    24.000	    23.000
     0.428	    18.000	    23.000
     0.434	    26.000	    23.000
     0.439	    24.000	    23.000
     0.445	    24.000	    23.000
     0.451	    20.000	    23.000
     0.457	    23.000	    23.000
     0.463	    23.000	    23.000
     0.469	    23.000	    23.000
     0.475	    21.000	    23.000
     0.480	    25.000	    23.000
     0.486	    20.000	    23.000
     0.492	    25.000	    23.000
     0.498	    21.000	    23.000
     0.504	    23.000	    23.000
     0.510	    21.000	    23.000
     0.516	    20.000	    23.000
     0.521	    22.000	    23.000
     0.527	    21.000	    23.000
     0.533	    21.000	    23.000
     0.539	    26.000	    23.000
     0.545	    24.000	    23.000
     0.551	    25.000	    24.000
     0.557	    24.000	    24.000
     0.562	    28.000	    25.000
     0.568	    29.000	    26.000
     0.574	    30.000	    27.000
     0.580	    27.000	    29.000
     0.586	    28.000	    31.000
     0.592	    33.000	    33.000
     0.598	    37.000	    36.000
     0.604	    36.000	    39.000
     0.609	    40.000	    42.000
     0.615	    48.000	    46.000
     0.621	    51.000	    50.000
     0.627	    54.000	    54.000
     0.633	    56.000	    58.000
     0.639	    60.000	    62.000
     0.645	    69.000	    65.000
     0.650	    70.000	    68.000
     0.656	    63.000	    70.000
     0.662	    78.000	    71.000
     0.668	    76.000	    72.000
     0.674	    72.000	    71.000
     0.680	    64.000	    70.000
     0.686	    61.000	    68.000
     0.691	    73.000	    65.000
     0.697	    63.000	    61.000
     0.703	    59.000	    57.000
     0.709	    46.000	    53.000
     0.715	    47.000	    49.000
     0.721	    49.000	    45.000
     0.727	    39.000	    42.000
     0.732	    37.000	    38.000
     0.738	    37.000	    35.000
     0.744	    35.000	    33.000
     0.750	    26.000	    30.000
     0.756	    32.000	    29.000
     0.762	    31.000	    27.000
     0.768	    25.000	    26.000
     0.773	    26.000	    25.000
     0.779	    27.000	    24.000
     0.785	    28.000	    24.000
     0.791	    26.000	    23.000
     0.797	    26.000	    23.000
     0.803	    23.000	    23.000
     0.809	    24.000	    23.000
     0.814	    26.000	    23.000
     0.820	    22.000	    23.000
     0.826	    27.000	    23.000
     0.832	    21.000	    23.000
     0.838	    23.000	    23.000
     0.844	    23.000	    23.000
     0.850	    21.000	    23.000
     0.855	    25.000	    23.000
     0.861	    20.000	    23.000
     0.867	    27.000	    23.000
     0.873	    21.000	    23.000
     0.879	    25.000	    23.000
     0.885	    23.000	    23.000
     0.891	    23.000	    23.000
     0.896	    24.000	    23.000
     0.902	    20.000	    23.000
     0.908	    19.000	    23.000
     0.914	    21.000	    23.000
     0.920	    23.000	    23.000
     0.926	    22.000	    23.000
     0.932	    23.000	    23.000
     0.937	    24.000	    23.000
     0.943	    23.000	    23.000
     0.949	    25.000	    23.000
     0.955	    21.000	    23.000
     0.961	    24.000	    23.000
     0.967	    23.000	    23.000
     0.973	    22.000	    23.000
     0.979	    22.000	    23.000
     0.984	    23.000	    23.000
     0.990	    21.000	    23.000
     0.996	    21.000	    23.000
     1.002	    22.000	    23.000
     1.008	    21.000	    23.000
     1.014	    26.000	    23.000
     1.020	    22.000	    23.000
     1.025	    20.000	    23.000
     1.031	    21.000	    23.000
     1.037	    20.000	    23.000
     1.043	    19.000	    23.000
     1.049	    20.000	    23.000
     1.055	    22.000	    23.000
     1.061	    22.000	    23.000
     1.066	    24.000	    23.000
     1.072	    22.000	    23.000
     1.078	    20.000	    23.000
     1.084	    23.000	    23.000
     1.090	    25.000	    23.000
     1.096	    24.000	    23.000
     1.102	    21.000	    23.000
     1.107	    23.000	    23.000
     1.113	    23.000	    23.000
     1.119	    24.000	    23.000
     1.125	    22.000	    23.000
     1.131	    21.000	    23.000
     1.137	    22.000	    23.000
     1.143	    22.000	    23.000
     1.148	    22.000	    23.000
     1.154	    23.000	    23.000
     1.160	    23.000	    23.000
     1.166	    24.000	    23.000
     1.172	    22.000	    23.000
     1.178	    24.000	    23.000
     1.184	    19.000	    23.000
     1.189	    21.000	    23.000
     1.195	    20.000	    23.000
     1.201	    22.000	    23.000
     1.207	    23.000	    23.000
     1.213	    24.000	    23.000
     1.219	    22.000	    23.000
     1.225	    24.000	    23.000
     1.230	    22.000	    23.000
     1.236	    20.000	    23.000
     1.242	    25.000	    23.000
     1.248	    24.000	    23.000
     1.254	    23.000	    23.000
     1.260	    24.000	    23.000
     1.266	    23.000	    23.000
     1.271	    24.000	    23.000
     1.277	    21.000	    23.000
     1.283	    22.000	    23.000
     1.289	    24.000	    23.000
     1.295	    22.000	    23.000
     1.301	    24.000	    23.000
     1.307	    22.000	    23.000
     1.312	    20.000	    23.000
     1.318	    25.000	    23.000
     1.324	    22.000	    23.000
     1.330	    24.000	    23.000
     1.336	    23.000	    23.000
     1.342	    22.000	    23.000
     1.348	    23.000	    23.000
     1.354	    22.000	    23.000
     1.359	    23.000	    23.000
     1.365	    22.000	    23.000
     1.371	    21.000	    23.000
     1.377	    23.000	    23.000
     1.383	    22.000	    23.000
     1.389	    23.000	    23.000
     1.395	    22.000	    23.000
     1.400	    22.000	    23.000
     1.406	    23.000	    23.000
     1.412	    23.000	    23.000
     1.418	    23.000	    23.000
     1.424	    21.000	    23.000
     1.430	    23.000	    23.000
     1.436	    21.000	    23.000
     1.441	    21.000	    23.000
     1.447	    23.000	    23.000
     1.453	    25.000	    23.000
     1.459	    23.000	    23.000
     1.465	    20.000	    23.000
     1.471	    23.000	    23.000
     1.477	    22.000	    23.000
     1.482	    22.000	    23.000
     1.488	    22.000	    23.000
     1.494	    22.000	    23.000
