Scan Mode: free run
Sensitivity: 10
Amplifier: lin
Filter: off
Tuning: 79
Average: 8
Scan Range: 1.5 ps
Gain: 20
FWHM: 0.094 ps

gauss: a0*exp(-(1.665*(x-a1))^2/a2^2)+a3
a0=55.057001 ,a1=0.856790 ,a2=0.095753

time	acf1	fit

     0.000	    32.000	    30.000
     0.006	    31.000	    30.000
     0.012	    32.000	    30.000
     0.018	    31.000	    30.000
     0.023	    30.000	    30.000
     0.029	    29.000	    30.000
     0.035	    30.000	    30.000
     0.041	    30.000	    30.000
     0.047	    30.000	    30.000
     0.053	    31.000	    30.000
     0.059	    30.000	    30.000
     0.064	    30.000	    30.000
     0.070	    29.000	    30.000
     0.076	    31.000	    30.000
     0.082	    30.000	    30.000
     0.088	    32.000	    30.000
     0.094	    29.000	    30.000
     0.100	    31.000	    30.000
     0.105	    31.000	    30.000
     0.111	    29.000	    30.000
     0.117	    30.000	    30.000
     0.123	    29.000	    30.000
     0.129	    31.000	    30.000
     0.135	    30.000	    30.000
     0.141	    31.000	    30.000
     0.146	    30.000	    30.000
     0.152	    31.000	    30.000
     0.158	    29.000	    30.000
     0.164	    31.000	    30.000
     0.170	    30.000	    30.000
     0.176	    31.000	    30.000
     0.182	    31.000	    30.000
     0.187	    30.000	    30.000
     0.193	    31.000	    30.000
     0.199	    30.000	    30.000
     0.205	    31.000	    30.000
     0.211	    29.000	    30.000
     0.217	    30.000	    30.000
     0.223	    28.000	    30.000
     0.229	    28.000	    30.000
     0.234	    29.000	    30.000
     0.240	    29.000	    30.000
     0.246	    31.000	    30.000
     0.252	    30.000	    30.000
     0.258	    29.000	    30.000
     0.264	    32.000	    30.000
     0.270	    30.000	    30.000
     0.275	    32.000	    30.000
     0.281	    30.000	    30.000
     0.287	    31.000	    30.000
     0.293	    30.000	    30.000
     0.299	    29.000	    30.000
     0.305	    29.000	    30.000
     0.311	    32.000	    30.000
     0.316	    29.000	    30.000
     0.322	    30.000	    30.000
     0.328	    31.000	    30.000
     0.334	    31.000	    30.000
     0.340	    30.000	    30.000
     0.346	    31.000	    30.000
     0.352	    31.000	    30.000
     0.357	    31.000	    30.000
     0.363	    31.000	    30.000
     0.369	    31.000	    30.000
     0.375	    32.000	    30.000
     0.381	    29.000	    30.000
     0.387	    31.000	    30.000
     0.393	    27.000	    30.000
     0.398	    30.000	    30.000
     0.404	    30.000	    30.000
     0.410	    30.000	    30.000
     0.416	    30.000	    30.000
     0.422	    29.000	    30.000
     0.428	    30.000	    30.000
     0.434	    31.000	    30.000
     0.439	    31.000	    30.000
     0.445	    30.000	    30.000
     0.451	    30.000	    30.000
     0.457	    29.000	    30.000
     0.463	    32.000	    30.000
     0.469	    31.000	    30.000
     0.475	    30.000	    30.000
     0.480	    31.000	    30.000
     0.486	    29.000	    30.000
     0.492	    31.000	    30.000
     0.498	    31.000	    30.000
     0.504	    34.000	    30.000
     0.510	    29.000	    30.000
     0.516	    30.000	    30.000
     0.521	    28.000	    30.000
     0.527	    32.000	    30.000
     0.533	    31.000	    30.000
     0.539	    32.000	    30.000
     0.545	    31.000	    30.000
     0.551	    30.000	    30.000
     0.557	    30.000	    30.000
     0.562	    31.000	    30.000
     0.568	    30.000	    30.000
     0.574	    30.000	    30.000
     0.580	    31.000	    30.000
     0.586	    30.000	    30.000
     0.592	    29.000	    30.000
     0.598	    29.000	    30.000
     0.604	    30.000	    30.000
     0.609	    28.000	    30.000
     0.615	    32.000	    30.000
     0.621	    29.000	    30.000
     0.627	    31.000	    30.000
     0.633	    30.000	    30.000
     0.639	    31.000	    30.000
     0.645	    28.000	    30.000
     0.650	    31.000	    30.000
     0.656	    31.000	    30.000
     0.662	    31.000	    30.000
     0.668	    31.000	    30.000
     0.674	    31.000	    30.000
     0.680	    29.000	    30.000
     0.686	    32.000	    30.000
     0.691	    29.000	    30.000
     0.697	    30.000	    30.000
     0.703	    28.000	    30.000
     0.709	    30.000	    30.000
     0.715	    31.000	    31.000
     0.721	    34.000	    31.000
     0.727	    33.000	    31.000
     0.732	    32.000	    31.000
     0.738	    34.000	    32.000
     0.744	    35.000	    33.000
     0.750	    34.000	    34.000
     0.756	    36.000	    35.000
     0.762	    35.000	    36.000
     0.768	    39.000	    39.000
     0.773	    42.000	    41.000
     0.779	    43.000	    44.000
     0.785	    48.000	    48.000
     0.791	    53.000	    52.000
     0.797	    54.000	    56.000
     0.803	    60.000	    61.000
     0.809	    61.000	    66.000
     0.814	    72.000	    70.000
     0.820	    78.000	    75.000
     0.826	    79.000	    79.000
     0.832	    82.000	    82.000
     0.838	    81.000	    84.000
     0.844	    88.000	    85.000
     0.850	    87.000	    85.000
     0.855	    87.000	    84.000
     0.861	    80.000	    82.000
     0.867	    77.000	    79.000
     0.873	    75.000	    75.000
     0.879	    71.000	    71.000
     0.885	    63.000	    66.000
     0.891	    61.000	    61.000
     0.896	    56.000	    56.000
     0.902	    53.000	    52.000
     0.908	    48.000	    48.000
     0.914	    44.000	    44.000
     0.920	    41.000	    41.000
     0.926	    40.000	    39.000
     0.932	    36.000	    37.000
     0.937	    35.000	    35.000
     0.943	    36.000	    34.000
     0.949	    33.000	    33.000
     0.955	    35.000	    32.000
     0.961	    31.000	    31.000
     0.967	    31.000	    31.000
     0.973	    34.000	    31.000
     0.979	    31.000	    31.000
     0.984	    32.000	    30.000
     0.990	    31.000	    30.000
     0.996	    30.000	    30.000
     1.002	    28.000	    30.000
     1.008	    32.000	    30.000
     1.014	    32.000	    30.000
     1.020	    32.000	    30.000
     1.025	    32.000	    30.000
     1.031	    30.000	    30.000
     1.037	    31.000	    30.000
     1.043	    29.000	    30.000
     1.049	    32.000	    30.000
     1.055	    31.000	    30.000
     1.061	    32.000	    30.000
     1.066	    28.000	    30.000
     1.072	    29.000	    30.000
     1.078	    29.000	    30.000
     1.084	    29.000	    30.000
     1.090	    30.000	    30.000
     1.096	    31.000	    30.000
     1.102	    32.000	    30.000
     1.107	    31.000	    30.000
     1.113	    31.000	    30.000
     1.119	    30.000	    30.000
     1.125	    29.000	    30.000
     1.131	    31.000	    30.000
     1.137	    31.000	    30.000
     1.143	    31.000	    30.000
     1.148	    30.000	    30.000
     1.154	    31.000	    30.000
     1.160	    30.000	    30.000
     1.166	    31.000	    30.000
     1.172	    31.000	    30.000
     1.178	    31.000	    30.000
     1.184	    31.000	    30.000
     1.189	    30.000	    30.000
     1.195	    31.000	    30.000
     1.201	    30.000	    30.000
     1.207	    30.000	    30.000
     1.213	    29.000	    30.000
     1.219	    30.000	    30.000
     1.225	    30.000	    30.000
     1.230	    29.000	    30.000
     1.236	    30.000	    30.000
     1.242	    30.000	    30.000
     1.248	    29.000	    30.000
     1.254	    31.000	    30.000
     1.260	    30.000	    30.000
     1.266	    29.000	    30.000
     1.271	    28.000	    30.000
     1.277	    30.000	    30.000
     1.283	    29.000	    30.000
     1.289	    29.000	    30.000
     1.295	    29.000	    30.000
     1.301	    29.000	    30.000
     1.307	    30.000	    30.000
     1.312	    31.000	    30.000
     1.318	    30.000	    30.000
     1.324	    30.000	    30.000
     1.330	    30.000	    30.000
     1.336	    30.000	    30.000
     1.342	    29.000	    30.000
     1.348	    30.000	    30.000
     1.354	    31.000	    30.000
     1.359	    30.000	    30.000
     1.365	    30.000	    30.000
     1.371	    31.000	    30.000
     1.377	    29.000	    30.000
     1.383	    29.000	    30.000
     1.389	    30.000	    30.000
     1.395	    30.000	    30.000
     1.400	    31.000	    30.000
     1.406	    30.000	    30.000
     1.412	    30.000	    30.000
     1.418	    31.000	    30.000
     1.424	    31.000	    30.000
     1.430	    31.000	    30.000
     1.436	    31.000	    30.000
     1.441	    30.000	    30.000
     1.447	    27.000	    30.000
     1.453	    30.000	    30.000
     1.459	    31.000	    30.000
     1.465	    30.000	    30.000
     1.471	    31.000	    30.000
     1.477	    29.000	    30.000
     1.482	    30.000	    30.000
     1.488	    29.000	    30.000
     1.494	    30.000	    30.000
