Scan Mode: free run
Sensitivity: 10
Amplifier: lin
Filter: off
Tuning: 79
Average: 8
Scan Range: 5.0 ps
Gain: 20
FWHM: 1.289 ps

gauss: a0*exp(-(1.665*(x-a1))^2/a2^2)+a3
a0=66.906620 ,a1=2.698724 ,a2=1.378976

time	acf1	fit

     0.000	    49.000	    50.000
     0.020	    49.000	    50.000
     0.039	    49.000	    50.000
     0.059	    49.000	    50.000
     0.078	    51.000	    50.000
     0.098	    49.000	    50.000
     0.117	    48.000	    50.000
     0.137	    51.000	    50.000
     0.156	    50.000	    50.000
     0.176	    50.000	    50.000
     0.195	    48.000	    50.000
     0.215	    50.000	    50.000
     0.234	    47.000	    50.000
     0.254	    48.000	    50.000
     0.273	    50.000	    50.000
     0.293	    50.000	    50.000
     0.312	    49.000	    50.000
     0.332	    50.000	    50.000
     0.352	    51.000	    50.000
     0.371	    49.000	    50.000
     0.391	    50.000	    50.000
     0.410	    51.000	    50.000
     0.430	    50.000	    50.000
     0.449	    50.000	    50.000
     0.469	    49.000	    50.000
     0.488	    50.000	    50.000
     0.508	    50.000	    50.000
     0.527	    50.000	    50.000
     0.547	    50.000	    50.000
     0.566	    49.000	    50.000
     0.586	    49.000	    50.000
     0.605	    52.000	    50.000
     0.625	    50.000	    50.000
     0.645	    50.000	    50.000
     0.664	    51.000	    50.000
     0.684	    49.000	    50.000
     0.703	    50.000	    50.000
     0.723	    49.000	    50.000
     0.742	    50.000	    50.000
     0.762	    51.000	    50.000
     0.781	    50.000	    50.000
     0.801	    49.000	    50.000
     0.820	    50.000	    50.000
     0.840	    48.000	    50.000
     0.859	    53.000	    50.000
     0.879	    50.000	    50.000
     0.898	    55.000	    50.000
     0.918	    49.000	    50.000
     0.937	    53.000	    50.000
     0.957	    51.000	    51.000
     0.977	    49.000	    51.000
     0.996	    49.000	    51.000
     1.016	    51.000	    51.000
     1.035	    50.000	    51.000
     1.055	    50.000	    51.000
     1.074	    51.000	    51.000
     1.094	    53.000	    51.000
     1.113	    51.000	    51.000
     1.133	    55.000	    52.000
     1.152	    53.000	    52.000
     1.172	    52.000	    52.000
     1.191	    53.000	    52.000
     1.211	    56.000	    52.000
     1.230	    53.000	    53.000
     1.250	    53.000	    53.000
     1.270	    53.000	    53.000
     1.289	    55.000	    54.000
     1.309	    56.000	    54.000
     1.328	    56.000	    54.000
     1.348	    57.000	    55.000
     1.367	    57.000	    55.000
     1.387	    55.000	    55.000
     1.406	    55.000	    56.000
     1.426	    55.000	    56.000
     1.445	    56.000	    57.000
     1.465	    57.000	    57.000
     1.484	    56.000	    58.000
     1.504	    56.000	    58.000
     1.523	    59.000	    59.000
     1.543	    60.000	    60.000
     1.562	    59.000	    60.000
     1.582	    64.000	    61.000
     1.602	    61.000	    62.000
     1.621	    63.000	    62.000
     1.641	    65.000	    63.000
     1.660	    66.000	    64.000
     1.680	    65.000	    65.000
     1.699	    67.000	    66.000
     1.719	    65.000	    67.000
     1.738	    69.000	    68.000
     1.758	    68.000	    69.000
     1.777	    71.000	    70.000
     1.797	    70.000	    71.000
     1.816	    71.000	    72.000
     1.836	    69.000	    73.000
     1.855	    72.000	    74.000
     1.875	    73.000	    75.000
     1.895	    77.000	    76.000
     1.914	    78.000	    78.000
     1.934	    82.000	    79.000
     1.953	    81.000	    80.000
     1.973	    76.000	    81.000
     1.992	    80.000	    83.000
     2.012	    83.000	    84.000
     2.031	    85.000	    85.000
     2.051	    88.000	    87.000
     2.070	    86.000	    88.000
     2.090	    88.000	    89.000
     2.109	    89.000	    91.000
     2.129	    92.000	    92.000
     2.148	    92.000	    93.000
     2.168	    99.000	    95.000
     2.187	    94.000	    96.000
     2.207	    95.000	    97.000
     2.227	   103.000	    99.000
     2.246	   102.000	   100.000
     2.266	   101.000	   101.000
     2.285	   103.000	   102.000
     2.305	   105.000	   104.000
     2.324	   103.000	   105.000
     2.344	   106.000	   106.000
     2.363	   108.000	   107.000
     2.383	   107.000	   108.000
     2.402	   110.000	   109.000
     2.422	   111.000	   110.000
     2.441	   114.000	   111.000
     2.461	   114.000	   112.000
     2.480	   110.000	   113.000
     2.500	   115.000	   113.000
     2.520	   111.000	   114.000
     2.539	   115.000	   114.000
     2.559	   115.000	   115.000
     2.578	   115.000	   115.000
     2.598	   112.000	   116.000
     2.617	   120.000	   116.000
     2.637	   120.000	   116.000
     2.656	   112.000	   116.000
     2.676	   124.000	   117.000
     2.695	   112.000	   117.000
     2.715	   117.000	   117.000
     2.734	   115.000	   116.000
     2.754	   116.000	   116.000
     2.773	   119.000	   116.000
     2.793	   112.000	   116.000
     2.812	   119.000	   115.000
     2.832	   113.000	   115.000
     2.852	   114.000	   114.000
     2.871	   115.000	   113.000
     2.891	   111.000	   113.000
     2.910	   112.000	   112.000
     2.930	   110.000	   111.000
     2.949	   112.000	   110.000
     2.969	   105.000	   109.000
     2.988	   110.000	   108.000
     3.008	   107.000	   107.000
     3.027	   107.000	   106.000
     3.047	   102.000	   105.000
     3.066	   105.000	   104.000
     3.086	   106.000	   103.000
     3.105	   102.000	   102.000
     3.125	   102.000	   100.000
     3.145	    98.000	    99.000
     3.164	    97.000	    98.000
     3.184	    97.000	    97.000
     3.203	    96.000	    95.000
     3.223	    93.000	    94.000
     3.242	    93.000	    93.000
     3.262	    93.000	    91.000
     3.281	    92.000	    90.000
     3.301	    88.000	    88.000
     3.320	    85.000	    87.000
     3.340	    83.000	    86.000
     3.359	    87.000	    84.000
     3.379	    81.000	    83.000
     3.398	    79.000	    82.000
     3.418	    77.000	    81.000
     3.437	    76.000	    79.000
     3.457	    76.000	    78.000
     3.477	    77.000	    77.000
     3.496	    75.000	    76.000
     3.516	    75.000	    74.000
     3.535	    74.000	    73.000
     3.555	    71.000	    72.000
     3.574	    71.000	    71.000
     3.594	    69.000	    70.000
     3.613	    71.000	    69.000
     3.633	    69.000	    68.000
     3.652	    67.000	    67.000
     3.672	    66.000	    66.000
     3.691	    66.000	    65.000
     3.711	    66.000	    64.000
     3.730	    62.000	    63.000
     3.750	    63.000	    63.000
     3.770	    64.000	    62.000
     3.789	    62.000	    61.000
     3.809	    60.000	    60.000
     3.828	    59.000	    60.000
     3.848	    62.000	    59.000
     3.867	    58.000	    59.000
     3.887	    60.000	    58.000
     3.906	    56.000	    57.000
     3.926	    59.000	    57.000
     3.945	    58.000	    56.000
     3.965	    56.000	    56.000
     3.984	    56.000	    55.000
     4.004	    54.000	    55.000
     4.023	    55.000	    55.000
     4.043	    55.000	    54.000
     4.062	    54.000	    54.000
     4.082	    54.000	    54.000
     4.102	    55.000	    53.000
     4.121	    54.000	    53.000
     4.141	    54.000	    53.000
     4.160	    54.000	    53.000
     4.180	    55.000	    52.000
     4.199	    54.000	    52.000
     4.219	    53.000	    52.000
     4.238	    53.000	    52.000
     4.258	    53.000	    52.000
     4.277	    53.000	    51.000
     4.297	    50.000	    51.000
     4.316	    52.000	    51.000
     4.336	    50.000	    51.000
     4.355	    51.000	    51.000
     4.375	    49.000	    51.000
     4.395	    48.000	    51.000
     4.414	    51.000	    51.000
     4.434	    51.000	    50.000
     4.453	    50.000	    50.000
     4.473	    51.000	    50.000
     4.492	    51.000	    50.000
     4.512	    51.000	    50.000
     4.531	    49.000	    50.000
     4.551	    52.000	    50.000
     4.570	    50.000	    50.000
     4.590	    50.000	    50.000
     4.609	    49.000	    50.000
     4.629	    49.000	    50.000
     4.648	    51.000	    50.000
     4.668	    49.000	    50.000
     4.687	    49.000	    50.000
     4.707	    47.000	    50.000
     4.727	    48.000	    50.000
     4.746	    50.000	    50.000
     4.766	    49.000	    50.000
     4.785	    48.000	    50.000
     4.805	    47.000	    50.000
     4.824	    49.000	    50.000
     4.844	    48.000	    50.000
     4.863	    48.000	    50.000
     4.883	    51.000	    50.000
     4.902	    48.000	    50.000
     4.922	    47.000	    50.000
     4.941	    49.000	    50.000
     4.961	    47.000	    50.000
     4.980	    49.000	    50.000
