Scan Mode: free run
Sensitivity: 3
Amplifier: lin
Filter: off
Tuning: 79
Average: 1
Scan Range: 1.5 ps
Gain: 20
FWHM: 0.105 ps

gauss: a0*exp(-(1.665*(x-a1))^2/a2^2)+a3
a0=79.224061 ,a1=0.705633 ,a2=0.102757

time	acf1	fit

     0.000	    79.000	    79.000
     0.006	    78.000	    79.000
     0.012	    79.000	    79.000
     0.018	    78.000	    79.000
     0.023	    73.000	    79.000
     0.029	    81.000	    79.000
     0.035	    81.000	    79.000
     0.041	    78.000	    79.000
     0.047	    85.000	    79.000
     0.053	    77.000	    79.000
     0.059	    78.000	    79.000
     0.064	    76.000	    79.000
     0.070	    80.000	    79.000
     0.076	    83.000	    79.000
     0.082	    83.000	    79.000
     0.088	    81.000	    79.000
     0.094	    77.000	    79.000
     0.100	    83.000	    79.000
     0.105	    80.000	    79.000
     0.111	    84.000	    79.000
     0.117	    85.000	    79.000
     0.123	    75.000	    79.000
     0.129	    79.000	    79.000
     0.135	    80.000	    79.000
     0.141	    79.000	    79.000
     0.146	    84.000	    79.000
     0.152	    76.000	    79.000
     0.158	    79.000	    79.000
     0.164	    76.000	    79.000
     0.170	    79.000	    79.000
     0.176	    79.000	    79.000
     0.182	    77.000	    79.000
     0.187	    80.000	    79.000
     0.193	    82.000	    79.000
     0.199	    85.000	    79.000
     0.205	    79.000	    79.000
     0.211	    76.000	    79.000
     0.217	    77.000	    79.000
     0.223	    74.000	    79.000
     0.229	    84.000	    79.000
     0.234	    81.000	    79.000
     0.240	    81.000	    79.000
     0.246	    77.000	    79.000
     0.252	    74.000	    79.000
     0.258	    78.000	    79.000
     0.264	    78.000	    79.000
     0.270	    71.000	    79.000
     0.275	    79.000	    79.000
     0.281	    82.000	    79.000
     0.287	    80.000	    79.000
     0.293	    79.000	    79.000
     0.299	    74.000	    79.000
     0.305	    78.000	    79.000
     0.311	    79.000	    79.000
     0.316	    78.000	    79.000
     0.322	    76.000	    79.000
     0.328	    80.000	    79.000
     0.334	    82.000	    79.000
     0.340	    78.000	    79.000
     0.346	    85.000	    79.000
     0.352	    80.000	    79.000
     0.357	    80.000	    79.000
     0.363	    87.000	    79.000
     0.369	    81.000	    79.000
     0.375	    78.000	    79.000
     0.381	    82.000	    79.000
     0.387	    74.000	    79.000
     0.393	    76.000	    79.000
     0.398	    78.000	    79.000
     0.404	    81.000	    79.000
     0.410	    85.000	    79.000
     0.416	    76.000	    79.000
     0.422	    74.000	    79.000
     0.428	    80.000	    79.000
     0.434	    79.000	    79.000
     0.439	    82.000	    79.000
     0.445	    76.000	    79.000
     0.451	    86.000	    79.000
     0.457	    83.000	    79.000
     0.463	    78.000	    79.000
     0.469	    87.000	    79.000
     0.475	    75.000	    79.000
     0.480	    78.000	    79.000
     0.486	    85.000	    79.000
     0.492	    76.000	    79.000
     0.498	    77.000	    79.000
     0.504	    75.000	    79.000
     0.510	    79.000	    79.000
     0.516	    77.000	    79.000
     0.521	    87.000	    79.000
     0.527	    80.000	    79.000
     0.533	    79.000	    79.000
     0.539	    84.000	    79.000
     0.545	    83.000	    80.000
     0.551	    81.000	    80.000
     0.557	    88.000	    80.000
     0.562	    83.000	    80.000
     0.568	    84.000	    80.000
     0.574	    83.000	    81.000
     0.580	    88.000	    82.000
     0.586	    90.000	    83.000
     0.592	    88.000	    84.000
     0.598	    82.000	    86.000
     0.604	    95.000	    88.000
     0.609	    90.000	    91.000
     0.615	    98.000	    94.000
     0.621	    99.000	    98.000
     0.627	   100.000	   102.000
     0.633	   110.000	   107.000
     0.639	   109.000	   113.000
     0.645	   118.000	   119.000
     0.650	   115.000	   126.000
     0.656	   135.000	   132.000
     0.662	   139.000	   138.000
     0.668	   152.000	   144.000
     0.674	   141.000	   149.000
     0.680	   152.000	   153.000
     0.686	   157.000	   156.000
     0.691	   154.000	   158.000
     0.697	   163.000	   159.000
     0.703	   165.000	   157.000
     0.709	   154.000	   155.000
     0.715	   159.000	   151.000
     0.721	   137.000	   147.000
     0.727	   148.000	   141.000
     0.732	   135.000	   135.000
     0.738	   127.000	   128.000
     0.744	   113.000	   122.000
     0.750	   121.000	   116.000
     0.756	   100.000	   110.000
     0.762	   105.000	   105.000
     0.768	    99.000	   100.000
     0.773	    99.000	    96.000
     0.779	    92.000	    92.000
     0.785	    90.000	    89.000
     0.791	    88.000	    87.000
     0.797	    89.000	    85.000
     0.803	    82.000	    83.000
     0.809	    86.000	    82.000
     0.814	    88.000	    81.000
     0.820	    77.000	    81.000
     0.826	    76.000	    80.000
     0.832	    74.000	    80.000
     0.838	    80.000	    80.000
     0.844	    86.000	    80.000
     0.850	    83.000	    80.000
     0.855	    77.000	    79.000
     0.861	    79.000	    79.000
     0.867	    79.000	    79.000
     0.873	    79.000	    79.000
     0.879	    81.000	    79.000
     0.885	    83.000	    79.000
     0.891	    76.000	    79.000
     0.896	    79.000	    79.000
     0.902	    86.000	    79.000
     0.908	    81.000	    79.000
     0.914	    73.000	    79.000
     0.920	    74.000	    79.000
     0.926	    74.000	    79.000
     0.932	    83.000	    79.000
     0.937	    81.000	    79.000
     0.943	    79.000	    79.000
     0.949	    84.000	    79.000
     0.955	    76.000	    79.000
     0.961	    85.000	    79.000
     0.967	    82.000	    79.000
     0.973	    71.000	    79.000
     0.979	    78.000	    79.000
     0.984	    82.000	    79.000
     0.990	    80.000	    79.000
     0.996	    83.000	    79.000
     1.002	    83.000	    79.000
     1.008	    81.000	    79.000
     1.014	    76.000	    79.000
     1.020	    85.000	    79.000
     1.025	    69.000	    79.000
     1.031	    81.000	    79.000
     1.037	    81.000	    79.000
     1.043	    73.000	    79.000
     1.049	    73.000	    79.000
     1.055	    80.000	    79.000
     1.061	    79.000	    79.000
     1.066	    88.000	    79.000
     1.072	    75.000	    79.000
     1.078	    78.000	    79.000
     1.084	    79.000	    79.000
     1.090	    76.000	    79.000
     1.096	    82.000	    79.000
     1.102	    79.000	    79.000
     1.107	    76.000	    79.000
     1.113	    75.000	    79.000
     1.119	    77.000	    79.000
     1.125	    83.000	    79.000
     1.131	    77.000	    79.000
     1.137	    78.000	    79.000
     1.143	    78.000	    79.000
     1.148	    76.000	    79.000
     1.154	    79.000	    79.000
     1.160	    74.000	    79.000
     1.166	    80.000	    79.000
     1.172	    75.000	    79.000
     1.178	    84.000	    79.000
     1.184	    73.000	    79.000
     1.189	    84.000	    79.000
     1.195	    82.000	    79.000
     1.201	    74.000	    79.000
     1.207	    79.000	    79.000
     1.213	    76.000	    79.000
     1.219	    84.000	    79.000
     1.225	    79.000	    79.000
     1.230	    74.000	    79.000
     1.236	    76.000	    79.000
     1.242	    78.000	    79.000
     1.248	    84.000	    79.000
     1.254	    77.000	    79.000
     1.260	    79.000	    79.000
     1.266	    77.000	    79.000
     1.271	    77.000	    79.000
     1.277	    79.000	    79.000
     1.283	    75.000	    79.000
     1.289	    79.000	    79.000
     1.295	    81.000	    79.000
     1.301	    80.000	    79.000
     1.307	    75.000	    79.000
     1.312	    81.000	    79.000
     1.318	    77.000	    79.000
     1.324	    84.000	    79.000
     1.330	    79.000	    79.000
     1.336	    83.000	    79.000
     1.342	    78.000	    79.000
     1.348	    78.000	    79.000
     1.354	    83.000	    79.000
     1.359	    75.000	    79.000
     1.365	    79.000	    79.000
     1.371	    81.000	    79.000
     1.377	    73.000	    79.000
     1.383	    79.000	    79.000
     1.389	    85.000	    79.000
     1.395	    76.000	    79.000
     1.400	    81.000	    79.000
     1.406	    76.000	    79.000
     1.412	    80.000	    79.000
     1.418	    76.000	    79.000
     1.424	    80.000	    79.000
     1.430	    79.000	    79.000
     1.436	    77.000	    79.000
     1.441	    80.000	    79.000
     1.447	    82.000	    79.000
     1.453	    76.000	    79.000
     1.459	    81.000	    79.000
     1.465	    82.000	    79.000
     1.471	    80.000	    79.000
     1.477	    83.000	    79.000
     1.482	    78.000	    79.000
     1.488	    83.000	    79.000
     1.494	    78.000	    79.000
