Scan Mode: free run
Sensitivity: 10
Amplifier: lin
Filter: off
Tuning: 79
Average: 8
Scan Range: 1.5 ps
Gain: 21
FWHM: 0.199 ps

gauss: a0*exp(-(1.665*(x-a1))^2/a2^2)+a3
a0=28.256558 ,a1=0.839018 ,a2=0.193689

time	acf1	fit

     0.000	    13.000	    13.000
     0.006	    12.000	    13.000
     0.012	    13.000	    13.000
     0.018	    12.000	    13.000
     0.023	    12.000	    13.000
     0.029	    12.000	    13.000
     0.035	    12.000	    13.000
     0.041	    13.000	    13.000
     0.047	    13.000	    13.000
     0.053	    11.000	    13.000
     0.059	    12.000	    13.000
     0.064	    12.000	    13.000
     0.070	    12.000	    13.000
     0.076	    13.000	    13.000
     0.082	    12.000	    13.000
     0.088	    13.000	    13.000
     0.094	    12.000	    13.000
     0.100	    13.000	    13.000
     0.105	    11.000	    13.000
     0.111	    13.000	    13.000
     0.117	    12.000	    13.000
     0.123	    13.000	    13.000
     0.129	    13.000	    13.000
     0.135	    12.000	    13.000
     0.141	    14.000	    13.000
     0.146	    14.000	    13.000
     0.152	    12.000	    13.000
     0.158	    13.000	    13.000
     0.164	    14.000	    13.000
     0.170	    15.000	    13.000
     0.176	    13.000	    13.000
     0.182	    13.000	    13.000
     0.187	    12.000	    13.000
     0.193	    11.000	    13.000
     0.199	    12.000	    13.000
     0.205	    14.000	    13.000
     0.211	    11.000	    13.000
     0.217	    14.000	    13.000
     0.223	    14.000	    13.000
     0.229	    13.000	    13.000
     0.234	    13.000	    13.000
     0.240	    12.000	    13.000
     0.246	    12.000	    13.000
     0.252	    12.000	    13.000
     0.258	    13.000	    13.000
     0.264	    12.000	    13.000
     0.270	    13.000	    13.000
     0.275	    13.000	    13.000
     0.281	    13.000	    13.000
     0.287	    11.000	    13.000
     0.293	    12.000	    13.000
     0.299	    14.000	    13.000
     0.305	    13.000	    13.000
     0.311	    11.000	    13.000
     0.316	    12.000	    13.000
     0.322	    13.000	    13.000
     0.328	    12.000	    13.000
     0.334	    13.000	    13.000
     0.340	    12.000	    13.000
     0.346	    11.000	    13.000
     0.352	    12.000	    13.000
     0.357	    13.000	    13.000
     0.363	    13.000	    13.000
     0.369	    12.000	    13.000
     0.375	    13.000	    13.000
     0.381	    14.000	    13.000
     0.387	    14.000	    13.000
     0.393	    13.000	    13.000
     0.398	    12.000	    13.000
     0.404	    13.000	    13.000
     0.410	    13.000	    13.000
     0.416	    12.000	    13.000
     0.422	    13.000	    13.000
     0.428	    13.000	    13.000
     0.434	    12.000	    13.000
     0.439	    13.000	    13.000
     0.445	    13.000	    13.000
     0.451	    13.000	    13.000
     0.457	    14.000	    13.000
     0.463	    12.000	    13.000
     0.469	    11.000	    13.000
     0.475	    12.000	    13.000
     0.480	    12.000	    13.000
     0.486	    12.000	    13.000
     0.492	    14.000	    13.000
     0.498	    15.000	    13.000
     0.504	    11.000	    13.000
     0.510	    12.000	    13.000
     0.516	    14.000	    13.000
     0.521	    12.000	    13.000
     0.527	    11.000	    13.000
     0.533	    11.000	    13.000
     0.539	    12.000	    13.000
     0.545	    12.000	    13.000
     0.551	    13.000	    13.000
     0.557	    14.000	    13.000
     0.562	    14.000	    13.000
     0.568	    14.000	    13.000
     0.574	    12.000	    13.000
     0.580	    12.000	    13.000
     0.586	    13.000	    13.000
     0.592	    13.000	    13.000
     0.598	    14.000	    13.000
     0.604	    11.000	    13.000
     0.609	    15.000	    13.000
     0.615	    15.000	    14.000
     0.621	    14.000	    14.000
     0.627	    14.000	    14.000
     0.633	    15.000	    14.000
     0.639	    16.000	    15.000
     0.645	    16.000	    15.000
     0.650	    15.000	    15.000
     0.656	    16.000	    16.000
     0.662	    17.000	    16.000
     0.668	    16.000	    17.000
     0.674	    19.000	    17.000
     0.680	    19.000	    18.000
     0.686	    19.000	    19.000
     0.691	    18.000	    20.000
     0.697	    19.000	    20.000
     0.703	    20.000	    21.000
     0.709	    23.000	    22.000
     0.715	    23.000	    23.000
     0.721	    24.000	    24.000
     0.727	    27.000	    26.000
     0.732	    27.000	    27.000
     0.738	    28.000	    28.000
     0.744	    28.000	    29.000
     0.750	    32.000	    30.000
     0.756	    30.000	    32.000
     0.762	    33.000	    33.000
     0.768	    35.000	    34.000
     0.773	    34.000	    35.000
     0.779	    36.000	    36.000
     0.785	    37.000	    37.000
     0.791	    37.000	    38.000
     0.797	    37.000	    39.000
     0.803	    43.000	    39.000
     0.809	    41.000	    40.000
     0.814	    38.000	    40.000
     0.820	    40.000	    41.000
     0.826	    43.000	    41.000
     0.832	    43.000	    41.000
     0.838	    40.000	    41.000
     0.844	    38.000	    40.000
     0.850	    40.000	    40.000
     0.855	    42.000	    39.000
     0.861	    39.000	    39.000
     0.867	    35.000	    38.000
     0.873	    38.000	    37.000
     0.879	    35.000	    36.000
     0.885	    38.000	    35.000
     0.891	    34.000	    34.000
     0.896	    30.000	    33.000
     0.902	    32.000	    32.000
     0.908	    29.000	    30.000
     0.914	    32.000	    29.000
     0.920	    26.000	    28.000
     0.926	    28.000	    27.000
     0.932	    26.000	    26.000
     0.937	    25.000	    24.000
     0.943	    23.000	    23.000
     0.949	    21.000	    22.000
     0.955	    21.000	    21.000
     0.961	    22.000	    20.000
     0.967	    21.000	    20.000
     0.973	    17.000	    19.000
     0.979	    19.000	    18.000
     0.984	    15.000	    17.000
     0.990	    18.000	    17.000
     0.996	    14.000	    16.000
     1.002	    17.000	    16.000
     1.008	    15.000	    15.000
     1.014	    14.000	    15.000
     1.020	    14.000	    15.000
     1.025	    15.000	    14.000
     1.031	    15.000	    14.000
     1.037	    15.000	    14.000
     1.043	    14.000	    14.000
     1.049	    13.000	    13.000
     1.055	    13.000	    13.000
     1.061	    13.000	    13.000
     1.066	    12.000	    13.000
     1.072	    13.000	    13.000
     1.078	    14.000	    13.000
     1.084	    13.000	    13.000
     1.090	    12.000	    13.000
     1.096	    11.000	    13.000
     1.102	    13.000	    13.000
     1.107	    11.000	    13.000
     1.113	    12.000	    13.000
     1.119	    12.000	    13.000
     1.125	    13.000	    13.000
     1.131	    12.000	    13.000
     1.137	    11.000	    13.000
     1.143	    13.000	    13.000
     1.148	    12.000	    13.000
     1.154	    12.000	    13.000
     1.160	    12.000	    13.000
     1.166	    13.000	    13.000
     1.172	    13.000	    13.000
     1.178	    12.000	    13.000
     1.184	    12.000	    13.000
     1.189	    12.000	    13.000
     1.195	    14.000	    13.000
     1.201	    13.000	    13.000
     1.207	    13.000	    13.000
     1.213	    13.000	    13.000
     1.219	    14.000	    13.000
     1.225	    12.000	    13.000
     1.230	    14.000	    13.000
     1.236	    12.000	    13.000
     1.242	    12.000	    13.000
     1.248	    13.000	    13.000
     1.254	    11.000	    13.000
     1.260	    12.000	    13.000
     1.266	    12.000	    13.000
     1.271	    14.000	    13.000
     1.277	    11.000	    13.000
     1.283	    13.000	    13.000
     1.289	    13.000	    13.000
     1.295	    14.000	    13.000
     1.301	    12.000	    13.000
     1.307	    15.000	    13.000
     1.312	    13.000	    13.000
     1.318	    12.000	    13.000
     1.324	    12.000	    13.000
     1.330	    12.000	    13.000
     1.336	    12.000	    13.000
     1.342	    12.000	    13.000
     1.348	    13.000	    13.000
     1.354	    13.000	    13.000
     1.359	    13.000	    13.000
     1.365	    13.000	    13.000
     1.371	    13.000	    13.000
     1.377	    12.000	    13.000
     1.383	    13.000	    13.000
     1.389	    12.000	    13.000
     1.395	    14.000	    13.000
     1.400	    13.000	    13.000
     1.406	    14.000	    13.000
     1.412	    13.000	    13.000
     1.418	    14.000	    13.000
     1.424	    11.000	    13.000
     1.430	    14.000	    13.000
     1.436	    13.000	    13.000
     1.441	    13.000	    13.000
     1.447	    12.000	    13.000
     1.453	    13.000	    13.000
     1.459	    12.000	    13.000
     1.465	    12.000	    13.000
     1.471	    13.000	    13.000
     1.477	    12.000	    13.000
     1.482	    13.000	    13.000
     1.488	    12.000	    13.000
     1.494	    13.000	    13.000
