Scan Mode: free run
Sensitivity: 10
Amplifier: lin
Filter: off
Tuning: 79
Average: 8
Scan Range: 1.5 ps
Gain: 21
FWHM: 0.187 ps

sech^2: a0*3/sinh(2.7196*(x-a1)/a2)^3*(2.7196*(x-a1)/a2*cosh(2.7196*(x-a1)/a2)-sinh(2.7196*(x-a1)/a2))+a3
a0=27.297176 ,a1=0.839402 ,a2=0.183531

time	acf1	fit

     0.000	     9.000	    12.000
     0.006	    12.000	    12.000
     0.012	     9.000	    12.000
     0.018	    12.000	    12.000
     0.023	    11.000	    12.000
     0.029	    11.000	    12.000
     0.035	    12.000	    12.000
     0.041	    12.000	    12.000
     0.047	    12.000	    12.000
     0.053	    12.000	    12.000
     0.059	    11.000	    12.000
     0.064	    11.000	    12.000
     0.070	    11.000	    12.000
     0.076	    11.000	    12.000
     0.082	    11.000	    12.000
     0.088	    12.000	    12.000
     0.094	    12.000	    12.000
     0.100	    11.000	    12.000
     0.105	    12.000	    12.000
     0.111	    11.000	    12.000
     0.117	    12.000	    12.000
     0.123	    10.000	    12.000
     0.129	    11.000	    12.000
     0.135	    12.000	    12.000
     0.141	    12.000	    12.000
     0.146	    13.000	    12.000
     0.152	    12.000	    12.000
     0.158	    11.000	    12.000
     0.164	    13.000	    12.000
     0.170	    11.000	    12.000
     0.176	    12.000	    12.000
     0.182	    10.000	    12.000
     0.187	    12.000	    12.000
     0.193	    11.000	    12.000
     0.199	    11.000	    12.000
     0.205	    11.000	    12.000
     0.211	    10.000	    12.000
     0.217	    11.000	    12.000
     0.223	    11.000	    12.000
     0.229	    14.000	    12.000
     0.234	    11.000	    12.000
     0.240	    11.000	    12.000
     0.246	    12.000	    12.000
     0.252	    12.000	    12.000
     0.258	    12.000	    12.000
     0.264	    13.000	    12.000
     0.270	    11.000	    12.000
     0.275	    13.000	    12.000
     0.281	    11.000	    12.000
     0.287	    11.000	    12.000
     0.293	    12.000	    12.000
     0.299	    13.000	    12.000
     0.305	    11.000	    12.000
     0.311	    10.000	    12.000
     0.316	    11.000	    12.000
     0.322	    12.000	    12.000
     0.328	    13.000	    12.000
     0.334	    10.000	    12.000
     0.340	    13.000	    12.000
     0.346	    13.000	    12.000
     0.352	    11.000	    12.000
     0.357	    11.000	    12.000
     0.363	    11.000	    12.000
     0.369	    10.000	    12.000
     0.375	    12.000	    12.000
     0.381	    13.000	    12.000
     0.387	    13.000	    12.000
     0.393	    12.000	    12.000
     0.398	    12.000	    12.000
     0.404	    12.000	    12.000
     0.410	    13.000	    12.000
     0.416	    11.000	    12.000
     0.422	    10.000	    12.000
     0.428	    11.000	    12.000
     0.434	    11.000	    12.000
     0.439	    10.000	    12.000
     0.445	    10.000	    12.000
     0.451	    13.000	    12.000
     0.457	    11.000	    12.000
     0.463	    12.000	    12.000
     0.469	    11.000	    12.000
     0.475	    11.000	    12.000
     0.480	    11.000	    12.000
     0.486	    12.000	    12.000
     0.492	    11.000	    12.000
     0.498	    12.000	    12.000
     0.504	    12.000	    12.000
     0.510	    11.000	    12.000
     0.516	    11.000	    12.000
     0.521	    13.000	    12.000
     0.527	    10.000	    12.000
     0.533	     9.000	    12.000
     0.539	    12.000	    12.000
     0.545	    11.000	    12.000
     0.551	    12.000	    12.000
     0.557	    13.000	    12.000
     0.562	    12.000	    12.000
     0.568	    12.000	    12.000
     0.574	    12.000	    12.000
     0.580	    11.000	    12.000
     0.586	    12.000	    12.000
     0.592	    13.000	    12.000
     0.598	    13.000	    12.000
     0.604	    13.000	    13.000
     0.609	    13.000	    13.000
     0.615	    13.000	    13.000
     0.621	    13.000	    13.000
     0.627	    11.000	    13.000
     0.633	    13.000	    13.000
     0.639	    13.000	    14.000
     0.645	    14.000	    14.000
     0.650	    11.000	    14.000
     0.656	    14.000	    15.000
     0.662	    16.000	    15.000
     0.668	    14.000	    16.000
     0.674	    16.000	    16.000
     0.680	    16.000	    17.000
     0.686	    19.000	    17.000
     0.691	    18.000	    18.000
     0.697	    18.000	    19.000
     0.703	    22.000	    19.000
     0.709	    21.000	    20.000
     0.715	    22.000	    21.000
     0.721	    24.000	    22.000
     0.727	    25.000	    23.000
     0.732	    23.000	    24.000
     0.738	    25.000	    25.000
     0.744	    25.000	    26.000
     0.750	    27.000	    28.000
     0.756	    29.000	    29.000
     0.762	    30.000	    30.000
     0.768	    31.000	    31.000
     0.773	    34.000	    32.000
     0.779	    31.000	    34.000
     0.785	    32.000	    35.000
     0.791	    35.000	    36.000
     0.797	    36.000	    36.000
     0.803	    41.000	    37.000
     0.809	    39.000	    38.000
     0.814	    39.000	    38.000
     0.820	    37.000	    39.000
     0.826	    40.000	    39.000
     0.832	    39.000	    39.000
     0.838	    39.000	    39.000
     0.844	    37.000	    38.000
     0.850	    37.000	    38.000
     0.855	    37.000	    37.000
     0.861	    37.000	    37.000
     0.867	    36.000	    36.000
     0.873	    33.000	    35.000
     0.879	    34.000	    34.000
     0.885	    33.000	    33.000
     0.891	    32.000	    31.000
     0.896	    31.000	    30.000
     0.902	    32.000	    29.000
     0.908	    28.000	    28.000
     0.914	    26.000	    27.000
     0.920	    23.000	    25.000
     0.926	    23.000	    24.000
     0.932	    22.000	    23.000
     0.937	    22.000	    22.000
     0.943	    22.000	    21.000
     0.949	    22.000	    20.000
     0.955	    17.000	    19.000
     0.961	    18.000	    19.000
     0.967	    18.000	    18.000
     0.973	    20.000	    17.000
     0.979	    18.000	    17.000
     0.984	    15.000	    16.000
     0.990	    18.000	    16.000
     0.996	    14.000	    15.000
     1.002	    15.000	    15.000
     1.008	    13.000	    14.000
     1.014	    14.000	    14.000
     1.020	    14.000	    14.000
     1.025	    15.000	    13.000
     1.031	    12.000	    13.000
     1.037	    11.000	    13.000
     1.043	    12.000	    13.000
     1.049	    13.000	    13.000
     1.055	    13.000	    13.000
     1.061	    13.000	    12.000
     1.066	    14.000	    12.000
     1.072	    13.000	    12.000
     1.078	    11.000	    12.000
     1.084	    12.000	    12.000
     1.090	    12.000	    12.000
     1.096	    12.000	    12.000
     1.102	    11.000	    12.000
     1.107	    13.000	    12.000
     1.113	    11.000	    12.000
     1.119	    12.000	    12.000
     1.125	    11.000	    12.000
     1.131	    12.000	    12.000
     1.137	    11.000	    12.000
     1.143	    12.000	    12.000
     1.148	    12.000	    12.000
     1.154	    10.000	    12.000
     1.160	    11.000	    12.000
     1.166	    13.000	    12.000
     1.172	    12.000	    12.000
     1.178	    11.000	    12.000
     1.184	    12.000	    12.000
     1.189	    11.000	    12.000
     1.195	    12.000	    12.000
     1.201	    13.000	    12.000
     1.207	    10.000	    12.000
     1.213	    11.000	    12.000
     1.219	    12.000	    12.000
     1.225	    11.000	    12.000
     1.230	    10.000	    12.000
     1.236	    12.000	    12.000
     1.242	    11.000	    12.000
     1.248	    12.000	    12.000
     1.254	    12.000	    12.000
     1.260	    12.000	    12.000
     1.266	    11.000	    12.000
     1.271	    12.000	    12.000
     1.277	    11.000	    12.000
     1.283	    12.000	    12.000
     1.289	    12.000	    12.000
     1.295	    12.000	    12.000
     1.301	    11.000	    12.000
     1.307	    12.000	    12.000
     1.312	    11.000	    12.000
     1.318	    11.000	    12.000
     1.324	    12.000	    12.000
     1.330	    11.000	    12.000
     1.336	    13.000	    12.000
     1.342	    12.000	    12.000
     1.348	    11.000	    12.000
     1.354	    12.000	    12.000
     1.359	    12.000	    12.000
     1.365	    12.000	    12.000
     1.371	    13.000	    12.000
     1.377	    12.000	    12.000
     1.383	    11.000	    12.000
     1.389	    12.000	    12.000
     1.395	    11.000	    12.000
     1.400	    13.000	    12.000
     1.406	    12.000	    12.000
     1.412	    12.000	    12.000
     1.418	    11.000	    12.000
     1.424	    13.000	    12.000
     1.430	    12.000	    12.000
     1.436	    11.000	    12.000
     1.441	    12.000	    12.000
     1.447	    12.000	    12.000
     1.453	    13.000	    12.000
     1.459	    12.000	    12.000
     1.465	    12.000	    12.000
     1.471	    12.000	    12.000
     1.477	    11.000	    12.000
     1.482	    14.000	    12.000
     1.488	    11.000	    12.000
     1.494	    14.000	    12.000
