Scan Mode: free run
Sensitivity: 10
Amplifier: lin
Filter: off
Tuning: 79
Average: 8
Scan Range: 1.5 ps
Gain: 20
FWHM: 0.105 ps

sech^2: a0*3/sinh(2.7196*(x-a1)/a2)^3*(2.7196*(x-a1)/a2*cosh(2.7196*(x-a1)/a2)-sinh(2.7196*(x-a1)/a2))+a3
a0=56.097740 ,a1=0.853126 ,a2=0.093415

time	acf1	fit

     0.000	    32.000	    31.000
     0.006	    31.000	    31.000
     0.012	    32.000	    31.000
     0.018	    31.000	    31.000
     0.023	    31.000	    31.000
     0.029	    31.000	    31.000
     0.035	    29.000	    31.000
     0.041	    32.000	    31.000
     0.047	    31.000	    31.000
     0.053	    30.000	    31.000
     0.059	    31.000	    31.000
     0.064	    32.000	    31.000
     0.070	    32.000	    31.000
     0.076	    32.000	    31.000
     0.082	    31.000	    31.000
     0.088	    32.000	    31.000
     0.094	    31.000	    31.000
     0.100	    29.000	    31.000
     0.105	    31.000	    31.000
     0.111	    32.000	    31.000
     0.117	    31.000	    31.000
     0.123	    32.000	    31.000
     0.129	    32.000	    31.000
     0.135	    30.000	    31.000
     0.141	    31.000	    31.000
     0.146	    31.000	    31.000
     0.152	    30.000	    31.000
     0.158	    35.000	    31.000
     0.164	    31.000	    31.000
     0.170	    31.000	    31.000
     0.176	    31.000	    31.000
     0.182	    30.000	    31.000
     0.187	    31.000	    31.000
     0.193	    31.000	    31.000
     0.199	    31.000	    31.000
     0.205	    29.000	    31.000
     0.211	    30.000	    31.000
     0.217	    31.000	    31.000
     0.223	    30.000	    31.000
     0.229	    33.000	    31.000
     0.234	    29.000	    31.000
     0.240	    31.000	    31.000
     0.246	    31.000	    31.000
     0.252	    31.000	    31.000
     0.258	    31.000	    31.000
     0.264	    32.000	    31.000
     0.270	    31.000	    31.000
     0.275	    32.000	    31.000
     0.281	    32.000	    31.000
     0.287	    31.000	    31.000
     0.293	    31.000	    31.000
     0.299	    33.000	    31.000
     0.305	    31.000	    31.000
     0.311	    34.000	    31.000
     0.316	    32.000	    31.000
     0.322	    31.000	    31.000
     0.328	    31.000	    31.000
     0.334	    32.000	    31.000
     0.340	    31.000	    31.000
     0.346	    32.000	    31.000
     0.352	    31.000	    31.000
     0.357	    31.000	    31.000
     0.363	    32.000	    31.000
     0.369	    31.000	    31.000
     0.375	    31.000	    31.000
     0.381	    29.000	    31.000
     0.387	    31.000	    31.000
     0.393	    29.000	    31.000
     0.398	    33.000	    31.000
     0.404	    32.000	    31.000
     0.410	    31.000	    31.000
     0.416	    32.000	    31.000
     0.422	    31.000	    31.000
     0.428	    30.000	    31.000
     0.434	    29.000	    31.000
     0.439	    32.000	    31.000
     0.445	    31.000	    31.000
     0.451	    30.000	    31.000
     0.457	    32.000	    31.000
     0.463	    32.000	    31.000
     0.469	    32.000	    31.000
     0.475	    29.000	    31.000
     0.480	    33.000	    31.000
     0.486	    33.000	    31.000
     0.492	    32.000	    31.000
     0.498	    33.000	    31.000
     0.504	    32.000	    31.000
     0.510	    29.000	    31.000
     0.516	    33.000	    31.000
     0.521	    31.000	    31.000
     0.527	    31.000	    31.000
     0.533	    32.000	    31.000
     0.539	    31.000	    31.000
     0.545	    33.000	    31.000
     0.551	    30.000	    31.000
     0.557	    31.000	    31.000
     0.562	    30.000	    31.000
     0.568	    31.000	    31.000
     0.574	    30.000	    31.000
     0.580	    31.000	    31.000
     0.586	    31.000	    31.000
     0.592	    31.000	    31.000
     0.598	    31.000	    31.000
     0.604	    31.000	    31.000
     0.609	    32.000	    31.000
     0.615	    30.000	    31.000
     0.621	    32.000	    31.000
     0.627	    31.000	    31.000
     0.633	    33.000	    31.000
     0.639	    31.000	    31.000
     0.645	    31.000	    31.000
     0.650	    33.000	    31.000
     0.656	    30.000	    31.000
     0.662	    30.000	    31.000
     0.668	    33.000	    31.000
     0.674	    31.000	    31.000
     0.680	    32.000	    31.000
     0.686	    31.000	    31.000
     0.691	    31.000	    32.000
     0.697	    32.000	    32.000
     0.703	    32.000	    32.000
     0.709	    33.000	    32.000
     0.715	    33.000	    32.000
     0.721	    32.000	    33.000
     0.727	    35.000	    33.000
     0.732	    34.000	    34.000
     0.738	    34.000	    34.000
     0.744	    35.000	    35.000
     0.750	    35.000	    36.000
     0.756	    41.000	    38.000
     0.762	    41.000	    40.000
     0.768	    42.000	    42.000
     0.773	    45.000	    44.000
     0.779	    46.000	    48.000
     0.785	    50.000	    51.000
     0.791	    54.000	    55.000
     0.797	    61.000	    60.000
     0.803	    64.000	    64.000
     0.809	    70.000	    69.000
     0.814	    73.000	    74.000
     0.820	    79.000	    78.000
     0.826	    81.000	    82.000
     0.832	    86.000	    85.000
     0.838	    89.000	    87.000
     0.844	    85.000	    87.000
     0.850	    85.000	    87.000
     0.855	    85.000	    85.000
     0.861	    82.000	    81.000
     0.867	    77.000	    77.000
     0.873	    77.000	    73.000
     0.879	    66.000	    68.000
     0.885	    62.000	    63.000
     0.891	    61.000	    59.000
     0.896	    53.000	    54.000
     0.902	    51.000	    50.000
     0.908	    47.000	    47.000
     0.914	    42.000	    44.000
     0.920	    40.000	    41.000
     0.926	    38.000	    39.000
     0.932	    37.000	    38.000
     0.937	    37.000	    36.000
     0.943	    37.000	    35.000
     0.949	    33.000	    34.000
     0.955	    35.000	    33.000
     0.961	    34.000	    33.000
     0.967	    34.000	    33.000
     0.973	    32.000	    32.000
     0.979	    31.000	    32.000
     0.984	    33.000	    32.000
     0.990	    32.000	    32.000
     0.996	    30.000	    32.000
     1.002	    34.000	    31.000
     1.008	    33.000	    31.000
     1.014	    29.000	    31.000
     1.020	    31.000	    31.000
     1.025	    31.000	    31.000
     1.031	    31.000	    31.000
     1.037	    30.000	    31.000
     1.043	    31.000	    31.000
     1.049	    33.000	    31.000
     1.055	    33.000	    31.000
     1.061	    31.000	    31.000
     1.066	    32.000	    31.000
     1.072	    31.000	    31.000
     1.078	    34.000	    31.000
     1.084	    31.000	    31.000
     1.090	    31.000	    31.000
     1.096	    33.000	    31.000
     1.102	    31.000	    31.000
     1.107	    32.000	    31.000
     1.113	    31.000	    31.000
     1.119	    33.000	    31.000
     1.125	    31.000	    31.000
     1.131	    30.000	    31.000
     1.137	    30.000	    31.000
     1.143	    31.000	    31.000
     1.148	    32.000	    31.000
     1.154	    31.000	    31.000
     1.160	    32.000	    31.000
     1.166	    28.000	    31.000
     1.172	    29.000	    31.000
     1.178	    30.000	    31.000
     1.184	    30.000	    31.000
     1.189	    32.000	    31.000
     1.195	    30.000	    31.000
     1.201	    32.000	    31.000
     1.207	    32.000	    31.000
     1.213	    32.000	    31.000
     1.219	    31.000	    31.000
     1.225	    30.000	    31.000
     1.230	    32.000	    31.000
     1.236	    28.000	    31.000
     1.242	    32.000	    31.000
     1.248	    31.000	    31.000
     1.254	    32.000	    31.000
     1.260	    32.000	    31.000
     1.266	    32.000	    31.000
     1.271	    31.000	    31.000
     1.277	    31.000	    31.000
     1.283	    30.000	    31.000
     1.289	    28.000	    31.000
     1.295	    32.000	    31.000
     1.301	    31.000	    31.000
     1.307	    34.000	    31.000
     1.312	    30.000	    31.000
     1.318	    30.000	    31.000
     1.324	    31.000	    31.000
     1.330	    31.000	    31.000
     1.336	    31.000	    31.000
     1.342	    33.000	    31.000
     1.348	    30.000	    31.000
     1.354	    29.000	    31.000
     1.359	    32.000	    31.000
     1.365	    33.000	    31.000
     1.371	    30.000	    31.000
     1.377	    31.000	    31.000
     1.383	    31.000	    31.000
     1.389	    32.000	    31.000
     1.395	    31.000	    31.000
     1.400	    32.000	    31.000
     1.406	    29.000	    31.000
     1.412	    33.000	    31.000
     1.418	    30.000	    31.000
     1.424	    33.000	    31.000
     1.430	    32.000	    31.000
     1.436	    32.000	    31.000
     1.441	    31.000	    31.000
     1.447	    32.000	    31.000
     1.453	    31.000	    31.000
     1.459	    31.000	    31.000
     1.465	    32.000	    31.000
     1.471	    30.000	    31.000
     1.477	    31.000	    31.000
     1.482	    30.000	    31.000
     1.488	    31.000	    31.000
     1.494	    30.000	    31.000
