Time (s)	Drive Voltage (V)	Bias Voltage (V)	Resistor Voltage Drop (V)	Current (A)	Raw AO0 (V)	Raw AI0 (V)	Raw AI1 (V)
0.560999870300293	-4	-0.175596604123712	-3.82440339587629	-0.001762397878284	-4	-3.9994906578213	-3.82440339587629
0.766000270843506	-3.8	-0.173223084490746	-3.62677691550925	-0.00167132576751579	-3.8	-3.79925093473867	-3.62677691550925
0.85200023651123	-3.6	-0.17182953087613	-3.42817046912387	-0.00157980205950409	-3.6	-3.59966452233493	-3.42817046912387
0.960000514984131	-3.4	-0.168802700564265	-3.23119729943573	-0.00148903101356485	-3.4	-3.39975145459175	-3.23119729943573
1.07100009918213	-3.2	-0.164142593555152	-3.03585740644485	-0.00139901262969809	-3.2	-3.19951173150912	-3.03585740644485
1.18499994277954	-3	-0.160462452564388	-2.83953754743561	-0.00130854264858784	-3	-2.99927200842649	-2.83953754743561
1.29400014877319	-2.8	-0.158742243610321	-2.64125775638968	-0.00121716947299063	-2.8	-2.8000122513622	-2.64125775638968
1.40100002288818	-2.6	-0.163228486105798	-2.4367715138942	-0.00112293618151806	-2.6	-2.59944587294012	-2.4367715138942
1.51600074768066	-2.4	-0.161181621812283	-2.23881837818772	-0.00103171353833535	-2.4	-2.39985946053639	-2.23881837818772
1.62700033187866	-2.2	-0.160768034216015	-2.03923196578398	-0.000939738233080177	-2.2	-2.19929308211431	-2.03923196578398
1.72799968719482	-2	-0.161007757298647	-1.83899224270135	-0.000847461862996015	-2	-2.00003332505003	-1.83899224270135
1.83799982070923	-1.8	-0.16026751436293	-1.63973248563707	-0.000755637090155331	-1.8	-1.79979360196739	-1.63973248563707
1.94900035858154	-1.6	-0.16181385880336	-1.43818614119664	-0.000662758590413197	-1.6	-1.60020718956366	-1.43818614119664
2.0600004196167	-1.4	-0.162053581885992	-1.23794641811401	-0.000570482220329035	-1.4	-1.39866084512323	-1.23794641811401
2.1710000038147	-1.2	-1.06353538651019	-0.136464613489807	-6.28869186588971E-05	-1.2	-1.19940108805895	-0.136464613489807
2.27700042724609	-0.999999999999999	-0.889667813666164	-0.110332186333835	-5.08443254994632E-05	-0.999999999999999	-0.999488020315766	-0.110332186333835
2.38200044631958	-0.799999999999999	-0.714166964124887	-0.0858330358751118	-3.95543944124939E-05	-0.799999999999999	-0.799248297233135	-0.0858330358751118
2.49100017547607	-0.599999999999999	-0.537032837886362	-0.0629671621136367	-2.90171253979893E-05	-0.599999999999999	-0.598355263471603	-0.0629671621136367
2.60500001907349	-0.399999999999999	-0.359245400968938	-0.0407545990310609	-1.87809212124705E-05	-0.399999999999999	-0.400075472425669	-0.0407545990310609
2.71600008010864	-0.199999999999999	-0.179824687354265	-0.0201753126457334	-9.29737909941629E-06	-0.199999999999999	-0.198855783324689	-0.0201753126457334
2.82699966430664	1.27675647831893E-15	-0.000403973739592944	0.000403973739594221	1.8616301363789E-07	1.27675647831893E-15	0.000403973739594221	0.000403973739594221
2.93800067901611	0.200000000000001	0.17836342919618	0.0216365708038211	9.97076995567792E-06	0.200000000000001	0.200643696822226	0.0216365708038211
3.03800058364868	0.400000000000001	0.356804176792504	0.0431958232074976	1.99059093122109E-05	0.400000000000001	0.400556764565408	0.0431958232074976
3.15800046920776	0.600000000000001	0.534591613709928	0.0654083862900734	3.01421134977297E-05	0.600000000000001	0.60079648764804	0.0654083862900734
3.26000070571899	0.800000000000001	0.712052395287903	0.0879476047120988	4.05288500977414E-05	0.800000000000001	0.800382900051773	0.0879476047120988
3.38000011444092	1	0.887879900168629	0.112120099831372	5.16682487702177E-05	1	1.0006226231344	0.112120099831372
3.48400020599365	1.2	1.06109416233376	0.138905837666243	6.40119067586375E-05	1.2	1.20020903553814	0.138905837666243
3.59200000762939	1.4	1.23136852644384	0.168631473556161	7.77103564774935E-05	1.4	1.40077541396022	0.168631473556161
3.70300006866455	1.6	0.16459912005812	1.43540087994188	0.000661475059881051	1.6	1.6006884817034	1.43540087994188
3.81600046157837	1.8	0.164686052314938	1.63531394768506	0.00075360089755072	1.8	1.80125486012548	1.63531394768506
3.92199993133545	2	0.164119673892857	1.83588032610714	0.000846027800049375	2	1.99986130651087	1.83588032610714
4.03800010681152	2.2	0.161920018773527	2.03807998122647	0.000939207364620495	2.2	2.19977437425405	2.03807998122647
4.15000009536743	2.4	0.160700329672547	2.23929967032745	0.00103193533194814	2.4	2.39936078665778	2.23929967032745
4.25900030136108	2.6	0.163727159984412	2.43627284001559	0.00112270637788737	2.6	2.59992716507986	2.43627284001559
4.38200044631958	2.8	0.166427334956827	2.63357266504318	0.00121362795624109	2.8	2.80049354350194	2.63357266504318
4.49300003051758	3	0.163247713819148	2.83675228618085	0.00130725911805569	3	3.00007995590568	2.83675228618085
4.60400009155273	3.2	0.165947888791564	3.03405211120844	0.00139818069640942	3.2	3.19966636830941	3.03405211120844
4.71600008010864	3.4	0.168974719103428	3.23102528089657	0.00148895174234865	3.4	3.39957943605259	3.23102528089657
4.82799959182739	3.6	0.173308170773092	3.42669182922691	0.00157912065862991	3.6	3.59916584845632	3.42669182922691
4.92799997329712	3.8	0.178294933121654	3.62170506687835	0.00166898851008219	3.8	3.80005888221785	3.62170506687835
5.03900051116943	4	0.178708520717919	3.82129147928208	0.00176096381533736	4	3.99997194996104	3.82129147928208
5.15000057220459	3.8	0.173721758369356	3.62627824163064	0.00167109596388509	3.8	3.80005888221785	3.62627824163064
5.25799989700317	3.6	0.172654860094189	3.42734513990581	0.0015794217234589	3.6	3.60014581447467	3.42734513990581
5.37200021743774	3.4	0.168974719103425	3.23102528089657	0.00148895174234865	3.4	3.40055940207094	3.23102528089657
5.48600006103516	3.2	0.164967922773211	3.03503207722679	0.0013986322936529	3.2	3.19933971296996	3.03503207722679
5.59500026702881	3	0.160961126442998	2.839038873557	0.00130831284495714	3	2.99975330056623	2.839038873557
5.70600080490112	2.8	0.16022088350728	2.63977911649272	0.00121648807211646	2.8	2.80049354350194	2.63977911649272
5.80299949645996	2.6	0.157520708534865	2.44247929146513	0.00112556649376273	2.6	2.60025382041931	2.44247929146513
5.91700029373169	2.4	0.160047018993644	2.23995298100635	0.00103223639677712	2.4	2.40001409733668	2.23995298100635
6.02200031280518	2.2	0.159960086736826	2.04003991326317	0.000940110559107452	2.2	2.20042768493295	2.04003991326317
6.13600015640259	2	0.162486397195606	1.83751360280439	0.00084678046212184	2	1.99953465117142	1.83751360280439
6.24999952316284	1.8	0.16076618824154	1.63923381175846	0.000755407286524635	1.8	1.79994823876768	1.63923381175846
6.34999990463257	1.6	0.161005911324172	1.43899408867583	0.000663130916440473	1.6	1.6000351710245	1.43899408867583
6.47700023651123	1.4	0.161572289746253	1.23842771025375	0.000570704013941818	1.4	1.40044875862077	1.23842771025375
6.58899974822998	1.2	0.163118634186684	1.03688136581331	0.000477825514199684	1.2	1.20086234621704	1.03688136581331
6.70000076293945	0.999999999999999	0.887553244829177	0.112446755170822	5.18187811847107E-05	0.999999999999999	1.00029596779495	0.112446755170822
6.80500078201294	0.799999999999999	0.7120523952879	0.0879476047120988	4.05288500977414E-05	0.799999999999999	0.801362866070122	0.0879476047120988
6.91900062561035	0.599999999999999	0.535244924388825	0.0647550756111741	2.98410486687438E-05	0.599999999999999	0.600143176969141	0.0647550756111741
7.02800035476685	0.399999999999999	0.356804176792501	0.0431958232074976	1.99059093122109E-05	0.399999999999999	0.400230109225959	0.0431958232074976
7.14799976348877	0.199999999999999	0.177710118517278	0.0222898814827204	1.02718347846638E-05	0.199999999999999	0.200643696822226	0.0222898814827204
7.26000070571899	-1.27675647831893E-15	-0.000403973739595498	0.000403973739594221	1.8616301363789E-07	-1.27675647831893E-15	0.000403973739594221	0.000403973739594221
7.36599969863892	-0.200000000000001	-0.179824687354268	-0.0201753126457334	-9.29737909941629E-06	-0.200000000000001	-0.199509094003588	-0.0201753126457334
7.48899984359741	-0.400000000000001	-0.358918745629491	-0.0410812543705106	-1.89314536269634E-05	-0.400000000000001	-0.39942216174677	-0.0410812543705106
7.59100008010864	-0.600000000000001	-0.537359493225814	-0.0626405067741871	-2.88665929834964E-05	-0.600000000000001	-0.599661884829402	-0.0626405067741871
7.70799970626831	-0.800000000000001	-0.71384030878544	-0.0861596912145615	-3.97049268269868E-05	-0.800000000000001	-0.799574952572584	-0.0861596912145615
7.81599998474121	-1	-0.889667813666166	-0.110332186333835	-5.08443254994632E-05	-1	-0.999488020315766	-0.110332186333835
7.91400003433228	-1.2	-1.06418869718909	-0.135811302810907	-6.25858538299112E-05	-1.2	-1.1997277433984	-0.135811302810907
8.028000831604	-1.4	-1.23478971663863	-0.165210283361375	-7.61337711342744E-05	-1.4	-1.39931415580213	-0.165210283361375
8.13199996948242	-1.6	-1.40049090599641	-0.199509094003588	-9.19396746560313E-05	-1.6	-1.59955387888476	-0.199509094003588
8.24900054931641	-1.8	-0.16222744639963	-1.63777255360037	-0.000754733895668374	-1.8	-1.79979360196739	-1.63777255360037
8.36000061035156	-2	-0.162641033995898	-1.8373589660041	-0.00084670920092355	-2	-1.99970666971058	-1.8373589660041
8.46000003814697	-2.2	-0.163381276931615	-2.03661872306839	-0.000938533973764233	-2.2	-2.19961973745376	-2.03661872306839
8.57700061798096	-2.4	-0.161508277151735	-2.23849172284827	-0.00103156300592086	-2.4	-2.39887949451804	-2.23849172284827
8.6830005645752	-2.6	-0.16420845212415	-2.43579154787585	-0.00112248458427459	-2.6	-2.59911921760067	-2.43579154787585
8.79500007629395	-2.8	-0.166255316417666	-2.63374468358234	-0.0012137072274573	-2.8	-2.8006655620411	-2.63374468358234
8.90500020980835	-3	-0.168955491390081	-2.83104450860992	-0.00130462880581102	-3	-2.99959866376594	-2.83104450860992
9.00599956512451	-3.2	-0.170349045004698	-3.0296509549953	-0.00139615251382272	-3.2	-3.19918507616967	-3.0296509549953
9.13000059127808	-3.4	-0.173375875316563	-3.22662412468344	-0.00148692355976195	-3.4	-3.39975145459175	-3.22662412468344
9.22800016403198	-3.6	-0.176402705628428	-3.42359729437158	-0.00157769460570119	-3.6	-3.60064448835328	-3.42359729437158
9.33800029754639	-3.8	-0.178776225261393	-3.62122377473861	-0.00166876671646941	-3.8	-3.79990424541757	-3.62122377473861
9.45800065994263	-4	-0.183109676931053	-3.81689032306895	-0.00175893563275067	-4	-4.0001439685002	-3.81689032306895
9.56199979782104	-3.8	-0.173876395169645	-3.62612360483035	-0.0016710247026868	-3.8	-3.79925093473867	-3.62612360483035
9.6700005531311	-3.6	-0.17150287553668	-3.42849712446332	-0.00157995259191858	-3.6	-3.59901121165603	-3.42849712446332
9.77700042724609	-3.4	-0.167496079206466	-3.23250392079353	-0.00148963314322283	-3.4	-3.39975145459175	-3.23250392079353
9.88000011444092	-3.2	-0.164142593555152	-3.03585740644485	-0.00139901262969809	-3.2	-3.19951173150912	-3.03585740644485
9.99500036239624	-3	-0.160789107903837	-2.83921089209616	-0.00130839211617335	-3	-3.00025197444484	-2.83921089209616
10.1050004959106	-2.8	-0.164622039720415	-2.63537796027958	-0.00121445988952976	-2.8	-2.80033890670165	-2.63537796027958
10.2139992713928	-2.6	-0.162575175426899	-2.4374248245731	-0.00112323724634705	-2.6	-2.59977252827957	-2.4374248245731
10.3270001411438	-2.4	-0.160528311133383	-2.23947168886662	-0.00103201460316434	-2.4	-2.40018611587584	-2.23947168886662
10.4420008659363	-2.2	-0.158808102179317	-2.04119189782068	-0.000940641427567134	-2.2	-2.19929308211431	-2.04119189782068
10.5390000343323	-2	-0.162641033995895	-1.8373589660041	-0.00084670920092355	-2	-2.00035998038948	-1.8373589660041
10.6510000228882	-1.8	-0.161900791060178	-1.63809920893982	-0.000754884428082867	-1.8	-1.79946694662794	-1.63809920893982
10.7610001564026	-1.6	-0.16181385880336	-1.43818614119664	-0.000662758590413197	-1.6	-1.59955387888476	-1.43818614119664
10.8720006942749	-1.4	-0.16368685858324	-1.23631314141676	-0.000569729558256571	-1.4	-1.39964081114158	-1.23631314141676
10.9830007553101	-1.2	-1.06386204184964	-0.136137958150357	-6.27363862444042E-05	-1.2	-1.1997277433984	-0.136137958150357
11.0940003395081	-0.999999999999999	-0.889341158326714	-0.110658841673285	-5.09948579139561E-05	-0.999999999999999	-1.00014133099467	-0.110658841673285
11.2050004005432	-0.799999999999999	-0.714493619464337	-0.0855063805356622	-3.9403861998001E-05	-0.799999999999999	-0.799901607912034	-0.0855063805356622
11.3159999847412	-0.599999999999999	-0.537032837886362	-0.0629671621136367	-2.90171253979893E-05	-0.599999999999999	-0.599988540168852	-0.0629671621136367
11.4170002937317	-0.399999999999999	-0.358592090290039	-0.0414079097099602	-1.90819860414563E-05	-0.399999999999999	-0.398442195728421	-0.0414079097099602
11.5390005111694	-0.199999999999999	-0.180151342693715	-0.0198486573062837	-9.14684668492337E-06	-0.199999999999999	-0.198855783324689	-0.0198486573062837
11.6489996910095	1.27675647831893E-15	-0.00138393975794188	0.00138393975794315	6.37760257116661E-07	1.27675647831893E-15	0.00138393975794315	0.00138393975794315
11.7610006332397	0.200000000000001	0.17836342919618	0.0216365708038211	9.97076995567792E-06	0.200000000000001	0.200643696822226	0.0216365708038211
11.8720002174377	0.400000000000001	0.356804176792504	0.0431958232074976	1.99059093122109E-05	0.400000000000001	0.400883419904858	0.0431958232074976
11.9750003814697	0.600000000000001	0.534918269049378	0.0650817309506238	2.99915810832368E-05	0.600000000000001	0.600143176969141	0.0650817309506238
12.0850005149841	0.800000000000001	0.712705705966802	0.0872942940331995	4.02277852687556E-05	0.800000000000001	0.800709555391222	0.0872942940331995
12.1940002441406	1	0.887879900168629	0.112120099831372	5.16682487702177E-05	1	1.0006226231344	0.112120099831372
12.3060002326965	1.2	1.06207412835211	0.137925871647894	6.35603095151587E-05	1.2	1.19988238019869	0.137925871647894
12.4260005950928	1.4	1.23136852644384	0.168631473556161	7.77103564774935E-05	1.4	1.40044875862077	0.168631473556161
12.5279998779297	1.6	0.16525243073702	1.43474756926298	0.000661173995052065	1.6	1.6000351710245	1.43474756926298
12.6329998970032	1.8	0.164686052314938	1.63531394768506	0.00075360089755072	1.8	1.80060154944658	1.63531394768506
12.7499995231628	2	0.163793018553407	1.83620698144659	0.000846178332463868	2	1.99986130651087	1.83620698144659
12.8620004653931	2.2	0.161920018773527	2.03807998122647	0.000939207364620495	2.2	2.19977437425405	2.03807998122647
12.9590005874634	2.4	0.161680295690896	2.23831970430911	0.00103148373470466	2.4	2.39968744199723	2.23831970430911
13.07200050354	2.6	0.162747193966063	2.43725280603394	0.00112315797513085	2.6	2.60025382041931	2.43725280603394
13.1839995384216	2.8	0.164794058259579	2.63520594174042	0.00121438061831356	2.8	2.80049354350194	2.63520594174042
13.2940001487732	3	0.166840922553094	2.83315907744691	0.00130560326149627	3	2.99909998988733	2.83315907744691
13.4169998168945	3.2	0.16921444218606	3.03078555781394	0.00139667537226449	3.2	3.20064633432776	3.03078555781394
13.5370001792908	3.4	0.171261306479576	3.22873869352043	0.0014878980154472	3.4	3.39990609139204	3.22873869352043
13.6440000534058	3.6	0.173308170773092	3.42669182922691	0.00157912065862991	3.6	3.60014581447467	3.42669182922691
13.7529997825623	3.8	0.177968277782205	3.6220317222178	0.00166913904249668	3.8	3.80005888221785	3.6220317222178
13.8500003814697	4	0.17805521003902	3.82194478996098	0.00176126488016635	4	3.99964529462159	3.82194478996098
13.9610004425049	3.8	0.174375069048256	3.62562493095174	0.0016707948990561	3.8	3.7997322268784	3.62562493095174
14.0720000267029	3.6	0.17167489407584	3.42832510592416	0.00157987332070238	3.6	3.60014581447467	3.42832510592416
14.1779999732971	3.4	0.167668097745627	3.23233190225437	0.00148955387200662	3.4	3.40055940207094	3.23233190225437
14.300000667572	3.2	0.165294578112661	3.03470542188734	0.0013984817612384	3.2	3.19901305763051	3.03470542188734
14.4039998054504	3	0.160961126442998	2.839038873557	0.00130831284495714	3	2.99975330056623	2.839038873557
14.5060000419617	2.8	0.159894228167831	2.64010577183217	0.00121663860453095	2.8	2.80049354350194	2.64010577183217
14.6220006942749	2.6	0.161440572608261	2.43855942739174	0.00112376010478882	2.6	2.60025382041931	2.43855942739174
14.7300004959106	2.4	0.158413742296396	2.2415862577036	0.00103298905884959	2.4	2.40034075267613	2.2415862577036
14.8410005569458	2.2	0.160286742076276	2.03971325792372	0.00093996002669296	2.2	2.20042768493295	2.03971325792372
14.9620008468628	2	0.163139707874505	1.83686029212549	0.000846479397292854	2	1.99953465117142	1.83686029212549
15.0550003051758	1.8	0.161419498920439	1.63858050107956	0.000755106221695649	1.8	1.80027489410713	1.63858050107956
15.1690001487732	1.6	0.161985877342521	1.43801412265748	0.000662679319196994	1.6	1.6000351710245	1.43801412265748
15.2720003128052	1.4	0.159612357709555	1.24038764229044	0.000571607208428776	1.4	1.40044875862077	1.24038764229044
15.3810000419617	1.2	0.162465323507784	1.03753467649221	0.00047812657902867	1.2	1.20020903553814	1.03753467649221
15.4939999580383	0.999999999999999	0.887226589489727	0.112773410510272	5.19693135992036E-05	0.999999999999999	0.999969312455505	0.112773410510272
15.7650003433228	0.799999999999999	0.7120523952879	0.0879476047120988	4.05288500977414E-05	0.799999999999999	0.800056244712323	0.0879476047120988
15.8260006904602	0.599999999999999	0.535244924388825	0.0647550756111741	2.98410486687438E-05	0.599999999999999	0.60112314298749	0.0647550756111741
15.9350004196167	0.399999999999999	0.356804176792501	0.0431958232074976	1.99059093122109E-05	0.399999999999999	0.400230109225959	0.0431958232074976
16.0380005836487	0.199999999999999	0.178036773856728	0.0219632261432707	1.01213023701708E-05	0.199999999999999	0.200970352161676	0.0219632261432707
16.1500005722046	-1.27675647831893E-15	-0.000403973739595498	0.000403973739594221	1.8616301363789E-07	-1.27675647831893E-15	0.000403973739594221	0.000403973739594221
16.2600002288818	-0.200000000000001	-0.180151342693718	-0.0198486573062837	-9.14684668492337E-06	-0.200000000000001	-0.198855783324689	-0.0198486573062837
16.3720002174377	-0.400000000000001	-0.358918745629491	-0.0410812543705106	-1.89314536269634E-05	-0.400000000000001	-0.399095506407321	-0.0410812543705106
16.4830002784729	-0.600000000000001	-0.537359493225814	-0.0626405067741871	-2.88665929834964E-05	-0.600000000000001	-0.599008574150503	-0.0626405067741871
16.5840001106262	-0.800000000000001	-0.71416696412489	-0.0858330358751118	-3.95543944124939E-05	-0.800000000000001	-0.799248297233135	-0.0858330358751118
16.6940002441406	-1	-0.889341158326717	-0.110658841673285	-5.09948579139561E-05	-1	-0.999814675655216	-0.110658841673285
16.8039999008179	-1.2	-1.06353538651019	-0.136464613489807	-6.28869186588971E-05	-1.2	-1.1997277433984	-0.136464613489807
16.9169998168945	-1.4	-1.23446306129918	-0.165536938700825	-7.62843035487673E-05	-1.4	-1.39964081114158	-0.165536938700825
17.0270009040833	-1.6	-1.40016425065696	-0.199835749343038	-9.20902070705242E-05	-1.6	-1.59988053422421	-0.199835749343038
17.139000415802	-1.8	-0.161900791060181	-1.63809920893982	-0.000754884428082867	-1.8	-1.7991402912885	-1.63809920893982
17.2510004043579	-2	-0.162641033995898	-1.8373589660041	-0.00084670920092355	-2	-1.99970666971058	-1.8373589660041
17.3610000610352	-2.2	-0.163381276931615	-2.03661872306839	-0.000938533973764233	-2.2	-2.19961973745376	-2.03661872306839
17.4700002670288	-2.4	-0.161181621812286	-2.23881837818772	-0.00103171353833535	-2.4	-2.39920614985749	-2.23881837818772
17.5710005760193	-2.6	-0.163228486105802	-2.4367715138942	-0.00112293618151806	-2.6	-2.59977252827957	-2.4367715138942
17.6940007209778	-2.8	-0.164948695059868	-2.63505130494013	-0.00121430935711527	-2.8	-2.80033890670165	-2.63505130494013
17.8049998283386	-3	-0.168628836050632	-2.83137116394937	-0.00130477933822552	-3	-2.99927200842649	-2.83137116394937
17.9260010719299	-3.2	-0.169695734325799	-3.0303042656742	-0.00139645357865171	-3.2	-3.19918507616967	-3.0303042656742
18.0280003547668	-3.4	-0.173049219977113	-3.22695078002289	-0.00148707409217645	-3.4	-3.39909814391285	-3.22695078002289
18.1330003738403	-3.6	-0.173136152233931	-3.42686384776607	-0.00157919992984612	-3.6	-3.59933786699548	-3.42686384776607
18.2559995651245	-3.8	-0.178776225261393	-3.62122377473861	-0.00166876671646941	-3.8	-3.79957759007812	-3.62122377473861
18.3720002174377	-4	-0.175269948784262	-3.82473005121574	-0.0017625484106985	-4	-3.99981731316075	-3.82473005121574
18.4750003814697	-3.8	-0.173876395169645	-3.62612360483035	-0.0016710247026868	-3.8	-3.80023090075701	-3.62612360483035
18.5840005874634	-3.6	-0.17117622019723	-3.42882377980277	-0.00158010312433307	-3.6	-3.59933786699548	-3.42882377980277
18.6970000267029	-3.4	-0.167496079206466	-3.23250392079353	-0.00148963314322283	-3.4	-3.4000781099312	-3.23250392079353
18.8180003166199	-3.2	-0.164142593555152	-3.03585740644485	-0.00139901262969809	-3.2	-3.19951173150912	-3.03585740644485
18.9320001602173	-3	-0.160462452564388	-2.83953754743561	-0.00130854264858784	-3	-3.00025197444484	-2.83953754743561
19.0549998283386	-2.8	-0.164948695059865	-2.63505130494013	-0.00121430935711527	-2.8	-2.79870563000441	-2.63505130494013
19.1549997329712	-2.6	-0.162575175426899	-2.4374248245731	-0.00112323724634705	-2.6	-2.59911921760067	-2.4374248245731
19.2610001564026	-2.4	-0.161181621812283	-2.23881837818772	-0.00103171353833535	-2.4	-2.39920614985749	-2.23881837818772
19.3730006217957	-2.2	-0.160114723537116	-2.03988527646288	-0.000940039297909163	-2.2	-2.19961973745376	-2.03988527646288
19.4779996871948	-2	-0.161661067977546	-1.83833893202245	-0.000847160798167029	-2	-2.00003332505003	-1.83833893202245
19.5920004844666	-1.8	-0.160920825041829	-1.63907917495817	-0.000755336025326345	-1.8	-1.79946694662794	-1.63907917495817
19.706000328064	-1.6	-0.157893994729964	-1.44210600527003	-0.000664564979387113	-1.6	-1.60020718956366	-1.44210600527003
19.8029999732971	-1.4	-0.162380237225442	-1.23761976277456	-0.000570331687914542	-1.4	-1.39996746648103	-1.23761976277456
19.9220004081726	-1.2	-1.06288207583129	-0.137117924168706	-6.31879834878829E-05	-1.2	-1.1990744327195	-0.137117924168706
20.0260004997253	-0.999999999999999	-0.889994469005613	-0.110005530994385	-5.06937930849703E-05	-0.999999999999999	-1.00014133099467	-0.110005530994385
20.1470007896423	-0.799999999999999	-0.713513653445988	-0.0864863465540111	-3.98554592414798E-05	-0.799999999999999	-0.799901607912034	-0.0864863465540111
20.2610006332397	-0.599999999999999	-0.537032837886362	-0.0629671621136367	-2.90171253979893E-05	-0.599999999999999	-0.599008574150503	-0.0629671621136367
20.3829998970032	-0.399999999999999	-0.358918745629488	-0.0410812543705106	-1.89314536269634E-05	-0.399999999999999	-0.399095506407321	-0.0410812543705106
20.4940004348755	-0.199999999999999	-0.179824687354265	-0.0201753126457334	-9.29737909941629E-06	-0.199999999999999	-0.199509094003588	-0.0201753126457334
20.6050004959106	1.27675647831893E-15	-7.73184001433003E-05	7.7318400144577E-05	3.56305991449664E-08	1.27675647831893E-15	0.00138393975794315	7.7318400144577E-05
20.7170004844666	0.200000000000001	0.17836342919618	0.0216365708038211	9.97076995567792E-06	0.200000000000001	0.200317041482776	0.0216365708038211
20.826000213623	0.400000000000001	0.356477521453054	0.0435224785469472	2.00564417267038E-05	0.400000000000001	0.399576798547059	0.0435224785469472
20.9270005226135	0.600000000000001	0.534264958370478	0.065735041629523	3.02926459122226E-05	0.600000000000001	0.60079648764804	0.065735041629523
21.0430002212524	0.800000000000001	0.711725739948453	0.0882742600515485	4.06793825122343E-05	0.800000000000001	0.800709555391222	0.0882742600515485
21.1500000953674	1	0.887879900168629	0.112120099831372	5.16682487702177E-05	1	0.999969312455505	0.112120099831372
21.2610006332397	1.2	1.06011419631541	0.139885803684592	6.44635040021162E-05	1.2	1.20053569087759	0.139885803684592
21.3729996681213	1.4	1.23136852644384	0.168631473556161	7.77103564774935E-05	1.4	1.40175537997857	0.168631473556161
21.4920001029968	1.6	0.163945809379221	1.43605419062078	0.000661776124710037	1.6	1.6006884817034	1.43605419062078
21.6059999465942	1.8	0.164032741636039	1.63596725836396	0.000753901962379706	1.8	1.80060154944658	1.63596725836396
21.7150001525879	2	0.163139707874508	1.83686029212549	0.000846479397292854	2	2.00018796185032	1.83686029212549
21.831000328064	2.2	0.162899984791876	2.03710001520813	0.000938755767377016	2.2	2.19977437425405	2.03710001520813
21.9299998283386	2.4	0.161680295690896	2.23831970430911	0.00103148373470466	2.4	2.40001409733668	2.23831970430911
22.0420007705688	2.6	0.162747193966063	2.43725280603394	0.00112315797513085	2.6	2.60058047575876	2.43725280603394
22.150999546051	2.8	0.166427334956827	2.63357266504318	0.00121362795624109	2.8	2.80016688816249	2.63357266504318
22.2660002708435	3	0.166514267213645	2.83348573278636	0.00130575379391076	3	2.99975330056623	2.83348573278636
22.3740000724792	3.2	0.169867752864959	3.03013224713504	0.0013963743074355	3.2	3.19933971296996	3.03013224713504
22.4840002059937	3.4	0.169301374442878	3.23069862555712	0.00148880120993416	3.4	3.39957943605259	3.23069862555712
22.5890002250671	3.6	0.173308170773092	3.42669182922691	0.00157912065862991	3.6	3.59981915913522	3.42669182922691
22.7030000686646	3.8	0.177641622442755	3.62235837755725	0.00166928957491117	3.8	3.80005888221785	3.62235837755725
22.8050003051758	4	0.181321763433516	3.81867823656648	0.00175975955602142	4	4.00029860530049	3.81867823656648
22.9170002937317	3.8	0.176988311763853	3.62301168823615	0.00166959063974016	3.8	3.7997322268784	3.62301168823615
23.0269999504089	3.6	0.17232820475474	3.42767179524526	0.00157957225587339	3.6	3.59949250379577	3.42767179524526
23.1440005302429	3.4	0.168648063763976	3.23135193623602	0.00148910227476314	3.4	3.39990609139204	3.23135193623602
23.2550001144409	3.2	0.164314612094312	3.03568538790569	0.00139893335848188	3.2	3.19999302364886	3.03568538790569
23.3650002479553	3	0.161287781782447	2.83871221821755	0.00130816231254265	3	2.99975330056623	2.83871221821755
23.4710001945496	2.8	0.159240917488932	2.64075908251107	0.00121693966935994	2.8	2.80016688816249	2.64075908251107
23.5719995498657	2.6	0.16274719396606	2.43725280603394	0.00112315797513085	2.6	2.59960050974041	2.43725280603394
23.6830005645752	2.4	0.160047018993644	2.23995298100635	0.00103223639677712	2.4	2.40001409733668	2.23995298100635
23.7880005836487	2.2	0.160286742076276	2.03971325792372	0.00093996002669296	2.2	2.20042768493295	2.03971325792372
23.8990001678467	2	0.162159741856156	1.83784025814384	0.000846930994536333	2	2.00018796185032	1.83784025814384
24.0170006752014	1.8	0.161746154259889	1.63825384574011	0.000754955689281157	1.8	1.80060154944658	1.63825384574011
24.125	1.6	0.161985877342521	1.43801412265748	0.000662679319196994	1.6	1.6006884817034	1.43801412265748
24.2329998016357	1.4	0.159939013049005	1.24006098695099	0.000571456676014283	1.4	1.40077541396022	1.24006098695099
24.349000453949	1.2	1.06044085165486	0.139559148345143	6.43129715876233E-05	1.2	1.19988238019869	0.139559148345143
24.4610004425049	0.999999999999999	0.886573278810828	0.113426721189171	5.22703784281894E-05	0.999999999999999	1.0006226231344	0.113426721189171
24.5729999542236	0.799999999999999	0.7120523952879	0.0879476047120988	4.05288500977414E-05	0.799999999999999	0.801036210730672	0.0879476047120988
24.6779999732971	0.599999999999999	0.534591613709925	0.0654083862900734	3.01421134977297E-05	0.599999999999999	0.600143176969141	0.0654083862900734
24.8060002326965	0.399999999999999	0.355824210774152	0.0441757892258465	2.03575065556896E-05	0.399999999999999	0.400230109225959	0.0441757892258465
24.92799949646	0.199999999999999	0.177383463177829	0.02261653682217	1.04223671991567E-05	0.199999999999999	0.201297007501125	0.02261653682217
25.0380005836487	-1.27675647831893E-15	-7.73184001458538E-05	7.7318400144577E-05	3.56305991449664E-08	-1.27675647831893E-15	0.000730629079043865	7.7318400144577E-05
25.1510000228882	-0.200000000000001	-0.179498032014818	-0.020501967985183	-9.44791151390922E-06	-0.200000000000001	-0.198855783324689	-0.020501967985183
25.2620000839233	-0.400000000000001	-0.358592090290041	-0.0414079097099602	-1.90819860414563E-05	-0.400000000000001	-0.398442195728421	-0.0414079097099602
25.3730001449585	-0.600000000000001	-0.537032837886365	-0.0629671621136367	-2.90171253979893E-05	-0.600000000000001	-0.599008574150503	-0.0629671621136367
25.4809999465942	-0.800000000000001	-0.71384030878544	-0.0861596912145615	-3.97049268269868E-05	-0.800000000000001	-0.799248297233135	-0.0861596912145615
25.5940003395081	-1	-0.889014502987267	-0.110985497012734	-5.1145390328449E-05	-1	-0.999488020315766	-0.110985497012734
25.6999998092651	-1.2	-1.06386204184964	-0.136137958150357	-6.27363862444042E-05	-1.2	-1.19940108805895	-0.136137958150357
25.8059997558594	-1.4	-1.23348309528083	-0.166516904719174	-7.6735900792246E-05	-1.4	-1.39996746648103	-0.166516904719174
25.9190006256104	-1.6	-1.39885762929917	-0.201142370700836	-9.26923367284959E-05	-1.6	-1.59922722354531	-0.201142370700836
26.0280003547668	-1.8	-0.16255410173908	-1.63744589826092	-0.000754583363253881	-1.8	-1.7991402912885	-1.63744589826092
26.1360006332397	-2	-0.162641033995898	-1.8373589660041	-0.00084670920092355	-2	-1.99905335903168	-1.8373589660041
26.25	-2.2	-0.160768034216018	-2.03923196578398	-0.000939738233080177	-2.2	-2.19994639279321	-2.03923196578398
26.3510003089905	-2.4	-0.161834932491185	-2.23816506750882	-0.00103141247350637	-2.4	-2.40018611587584	-2.23816506750882
26.4620003700256	-2.6	-0.162575175426902	-2.4374248245731	-0.00112323724634705	-2.6	-2.59846590692177	-2.4374248245731
26.5729999542236	-2.8	-0.165928661078217	-2.63407133892179	-0.00121385775987179	-2.8	-2.79968559602275	-2.63407133892179
26.683000087738	-3	-0.169282146729531	-2.83071785327047	-0.00130447827339653	-3	-3.00025197444484	-2.83071785327047
26.7920007705688	-3.2	-0.169695734325799	-3.0303042656742	-0.00139645357865171	-3.2	-3.19951173150912	-3.0303042656742
26.9019999504089	-3.4	-0.173049219977113	-3.22695078002289	-0.00148707409217645	-3.4	-3.4000781099312	-3.22695078002289
27.0079998970032	-3.6	-0.176076050288978	-3.42392394971102	-0.00157784513811568	-3.6	-3.59966452233493	-3.42392394971102
27.1170001029968	-3.8	-0.178122914582494	-3.62187708541751	-0.00166906778129839	-3.8	-3.79990424541757	-3.62187708541751
27.2390003204346	-4	-0.181803055573255	-3.81819694442675	-0.00175953776240864	-4	-3.9994906578213	-3.81819694442675
27.3340005874634	-3.8	-0.17910288060084	-3.62089711939916	-0.00166861618405491	-3.8	-3.79925093473867	-3.62089711939916
27.451000213623	-3.6	-0.174442773591727	-3.42555722640827	-0.00157859780018814	-3.6	-3.59933786699548	-3.42555722640827
27.5559997558594	-3.4	-0.171415943279862	-3.22858405672014	-0.00148782675424891	-3.4	-3.39909814391285	-3.22858405672014
27.6719999313354	-3.2	-0.169695734325796	-3.0303042656742	-0.00139645357865171	-3.2	-3.19983838684857	-3.0303042656742
27.7720003128052	-3	-0.167975525371729	-2.83202447462827	-0.0013050804030545	-3	-2.99959866376594	-2.83202447462827
27.8810005187988	-2.8	-0.165275350399314	-2.63472464960068	-0.00121415882470078	-2.8	-2.79968559602275	-2.63472464960068
27.9949998855591	-2.6	-0.162575175426899	-2.4374248245731	-0.00112323724634705	-2.6	-2.59944587294012	-2.4374248245731
28.117000579834	-2.4	-0.160854966472833	-2.23914503352717	-0.00103186407074985	-2.4	-2.39887949451804	-2.23914503352717
28.228000164032	-2.2	-0.159461412858216	-2.04053858714178	-0.000940340362738148	-2.2	-2.19961973745376	-2.04053858714178
28.3400011062622	-2	-0.161661067977546	-1.83833893202245	-0.000847160798167029	-2	-2.00035998038948	-1.83833893202245
28.4499998092651	-1.8	-0.160920825041829	-1.63907917495817	-0.000755336025326345	-1.8	-1.80044691264629	-1.63907917495817
28.561999797821	-1.6	-0.160180582106112	-1.43981941789389	-0.000663511252485662	-1.6	-1.59857391286641	-1.43981941789389
28.6730003356934	-1.4	-0.162053581885992	-1.23794641811401	-0.000570482220329035	-1.4	-1.39931415580213	-1.23794641811401
28.7840003967285	-1.2	-1.06353538651019	-0.136464613489807	-6.28869186588971E-05	-1.2	-1.19940108805895	-0.136464613489807
28.8839998245239	-0.999999999999999	-0.889341158326714	-0.110658841673285	-5.09948579139561E-05	-0.999999999999999	-0.999488020315766	-0.110658841673285
28.9950003623962	-0.799999999999999	-0.714166964124887	-0.0858330358751118	-3.95543944124939E-05	-0.799999999999999	-0.798594986554235	-0.0858330358751118
29.1110000610352	-0.599999999999999	-0.536052871868013	-0.0639471281319857	-2.9468722641468E-05	-0.599999999999999	-0.599008574150503	-0.0639471281319857
29.2170004844666	-0.399999999999999	-0.358592090290039	-0.0414079097099602	-1.90819860414563E-05	-0.399999999999999	-0.399095506407321	-0.0414079097099602
29.326000213623	-0.199999999999999	-0.180477998033165	-0.0195220019668341	-8.99631427043045E-06	-0.199999999999999	-0.199509094003588	-0.0195220019668341
29.429000377655	1.27675647831893E-15	-0.00105728441849223	0.00105728441849351	4.87227842623737E-07	1.27675647831893E-15	0.000730629079043865	0.00105728441849351
29.5509996414185	0.200000000000001	0.17836342919618	0.0216365708038211	9.97076995567792E-06	0.200000000000001	0.200317041482776	0.0216365708038211
29.6560001373291	0.400000000000001	0.356477521453054	0.0435224785469472	2.00564417267038E-05	0.400000000000001	0.400556764565408	0.0435224785469472
29.7730002403259	0.600000000000001	0.534264958370478	0.065735041629523	3.02926459122226E-05	0.600000000000001	0.60079648764804	0.065735041629523
29.8959999084473	0.800000000000001	0.712705705966802	0.0872942940331995	4.02277852687556E-05	0.800000000000001	0.801036210730672	0.0872942940331995
29.9939999580383	1	0.888206555508078	0.111793444491923	5.15177163557248E-05	1	1.0006226231344	0.111793444491923
30.1050000190735	1.2	1.06142081767321	0.138579182326794	6.38613743441446E-05	1.2	1.20086234621704	0.138579182326794
30.2129998207092	1.4	1.23038856042549	0.16961143957451	7.81619537209723E-05	1.4	1.40044875862077	0.16961143957451
30.3269996643066	1.6	0.164272464718671	1.43572753528133	0.000661625592295544	1.6	1.60101513704285	1.43572753528133
30.4379997253418	1.8	0.164032741636039	1.63596725836396	0.000753901962379706	1.8	1.80092820478603	1.63596725836396
30.5470004081726	2	0.163793018553407	1.83620698144659	0.000846178332463868	2	1.99888134049252	1.83620698144659
30.6500005722046	2.2	0.160613397415729	2.03938660258427	0.000939809494278467	2.2	2.2001010295935	2.03938660258427
30.7630004882813	2.4	0.161353640351446	2.23864635964856	0.00103163426711915	2.4	2.40066740801558	2.23864635964856
30.8770003318787	2.6	0.163400504644962	2.43659949535504	0.00112285691030186	2.6	2.59927385440096	2.43659949535504
30.9810004234314	2.8	0.167407300975176	2.63259269902483	0.00121317635899762	2.8	2.80049354350194	2.63259269902483
31.0989999771118	3	0.166514267213645	2.83348573278636	0.00130575379391076	3	2.99975330056623	2.83348573278636
31.2000002861023	3.2	0.169867752864959	3.03013224713504	0.0013963743074355	3.2	3.19966636830941	3.03013224713504
31.3060002326965	3.4	0.169954685121777	3.23004531487823	0.00148850014510517	3.4	3.40055940207094	3.23004531487823
31.4140000343323	3.6	0.173634826112541	3.42636517388746	0.00157897012621542	3.6	3.59916584845632	3.42636517388746
31.5279998779297	3.8	0.178294933121654	3.62170506687835	0.00166898851008219	3.8	3.80005888221785	3.62170506687835
31.6329998970032	4	0.180341797415167	3.81965820258483	0.0017602111532649	4	4.00029860530049	3.81965820258483
31.7450008392334	3.8	0.176661656424403	3.6233383435756	0.00166974117215465	3.8	3.79842560552061	3.6233383435756
31.8730001449585	3.6	0.17200154941529	3.42799845058471	0.00157972278828788	3.6	3.59949250379577	3.42799845058471
31.9770007133484	3.4	0.168648063763976	3.23135193623602	0.00148910227476314	3.4	3.39990609139204	3.23135193623602
32.1059999465942	3.2	0.164314612094312	3.03568538790569	0.00139893335848188	3.2	3.19999302364886	3.03568538790569
32.2170000076294	3	0.161941092461347	2.83805890753865	0.00130786124771366	3	3.00073326658458	2.83805890753865
32.3279995918274	2.8	0.159894228167831	2.64010577183217	0.00121663860453095	2.8	2.80049354350194	2.64010577183217
32.4289999008179	2.6	0.157520708534865	2.44247929146513	0.00112556649376273	2.6	2.60058047575876	2.44247929146513
32.539999961853	2.4	0.159720363654195	2.2402796363458	0.00103238692919161	2.4	2.40001409733668	2.2402796363458
32.6500005722046	2.2	0.159960086736826	2.04003991326317	0.000940110559107452	2.2	2.19977437425405	2.04003991326317
32.7610006332397	2	0.161506431177257	1.83849356882274	0.000847232059365319	2	1.99953465117142	1.83849356882274
32.8659996986389	1.8	0.16109284358099	1.63890715641901	0.000755256754110142	1.8	1.79962158342823	1.63890715641901
32.9840002059937	1.6	0.16231253268197	1.43768746731803	0.000662528786782501	1.6	1.6013417923823	1.43768746731803
33.0950002670288	1.4	0.160265668388455	1.23973433161154	0.00057130614359979	1.4	1.39946879260242	1.23973433161154
33.2059998512268	1.2	0.162465323507784	1.03753467649221	0.00047812657902867	1.2	1.19988238019869	1.03753467649221
33.3140001296997	0.999999999999999	0.886573278810828	0.113426721189171	5.22703784281894E-05	0.999999999999999	1.00094927847385	0.113426721189171
33.4160003662109	0.799999999999999	0.711399084609001	0.0886009153909981	4.08299149267272E-05	0.799999999999999	0.800056244712323	0.0886009153909981
33.5310006141663	0.599999999999999	0.533938303031026	0.0660616969689727	3.04431783267155E-05	0.599999999999999	0.60079648764804	0.0660616969689727
33.6450004577637	0.399999999999999	0.356477521453052	0.0435224785469472	2.00564417267038E-05	0.399999999999999	0.400556764565408	0.0435224785469472
33.7420001029968	0.199999999999999	0.178363429196178	0.0216365708038211	9.97076995567792E-06	0.199999999999999	0.199990386143327	0.0216365708038211
33.8560004234314	-1.27675647831893E-15	-0.000403973739595498	0.000403973739594221	1.8616301363789E-07	-1.27675647831893E-15	7.7318400144577E-05	0.000403973739594221
33.9630007743835	-0.200000000000001	-0.179498032014818	-0.020501967985183	-9.44791151390922E-06	-0.200000000000001	-0.199835749343038	-0.020501967985183
34.0749998092651	-0.400000000000001	-0.358592090290041	-0.0414079097099602	-1.90819860414563E-05	-0.400000000000001	-0.399095506407321	-0.0414079097099602
34.1840004920959	-0.600000000000001	-0.535726216528566	-0.0642737834714353	-2.9619255055961E-05	-0.600000000000001	-0.598028608132154	-0.0642737834714353
34.2910003662109	-0.800000000000001	-0.71351365344599	-0.0864863465540111	-3.98554592414798E-05	-0.800000000000001	-0.799248297233135	-0.0864863465540111
34.4070000648499	-1	-0.889341158326717	-0.110658841673285	-5.09948579139561E-05	-1	-0.998834709636867	-0.110658841673285
34.5070004463196	-1.2	-1.06255542049185	-0.137444579508156	-6.33385159023758E-05	-1.2	-1.19940108805895	-0.137444579508156
34.6300005912781	-1.4	-1.23282978460193	-0.167170215398073	-7.70369656212319E-05	-1.4	-1.39964081114158	-0.167170215398073
34.7290000915527	-1.6	-1.39918428463861	-0.200815715361387	-9.2541804314003E-05	-1.6	-1.59988053422421	-0.200815715361387
34.840000629425	-1.8	-0.163207412417979	-1.63679258758202	-0.000754282298424895	-1.8	-1.79881363594905	-1.63679258758202
34.9540004730225	-2	-0.162314378656448	-1.83768562134355	-0.000846859733338043	-2	-2.00035998038948	-1.83768562134355
35.0670003890991	-2.2	-0.161094689555468	-2.03890531044453	-0.000939587700665684	-2.2	-2.19929308211431	-2.03890531044453
35.1780004501343	-2.4	-0.162161587830635	-2.23783841216937	-0.00103126194109187	-2.4	-2.39953280519694	-2.23783841216937
35.2890000343323	-2.6	-0.162575175426902	-2.4374248245731	-0.00112323724634705	-2.6	-2.59944587294012	-2.4374248245731
35.4060006141663	-2.8	-0.165928661078217	-2.63407133892179	-0.00121385775987179	-2.8	-2.79903228534386	-2.63407133892179
35.5180006027222	-3	-0.16993545740843	-2.83006454259157	-0.00130417720856754	-3	-3.00025197444484	-2.83006454259157
35.6149997711182	-3.2	-0.173942253738644	-3.02605774626136	-0.0013944966572633	-3.2	-3.20016504218802	-3.02605774626136
35.7280006408691	-3.4	-0.172722564637664	-3.22727743536234	-0.00148722462459094	-3.4	-3.39909814391285	-3.22727743536234
35.8489999771118	-3.6	-0.175749394949528	-3.42425060505047	-0.00157799567053017	-3.6	-3.59966452233493	-3.42425060505047
35.9590001106262	-3.8	-0.181062812637541	-3.61893718736246	-0.00166771298956795	-3.8	-3.79859762405977	-3.61893718736246
36.0730004310608	-4	-0.182129710912704	-3.8178702890873	-0.00175938722999415	-4	-3.99981731316075	-3.8178702890873
36.1819996833801	-3.8	-0.178122914582491	-3.62187708541751	-0.00166906778129839	-3.8	-3.79859762405977	-3.62187708541751
36.2960004806519	-3.6	-0.174116118252277	-3.42588388174772	-0.00157874833260264	-3.6	-3.59933786699548	-3.42588388174772
36.3980007171631	-3.4	-0.171742598619312	-3.22825740138069	-0.00148767622183442	-3.4	-3.3987714885734	-3.22825740138069
36.5070004463196	-3.2	-0.170022389665245	-3.02997761033475	-0.00139630304623721	-3.2	-3.19951173150912	-3.02997761033475
36.6180005073547	-3	-0.168302180711179	-2.83169781928882	-0.00130492987064001	-3	-2.99959866376594	-2.83169781928882
36.7290000915527	-2.8	-0.165602005738764	-2.63439799426124	-0.00121400829228628	-2.8	-2.79968559602275	-2.63439799426124
36.8390002250671	-2.6	-0.162575175426899	-2.4374248245731	-0.00112323724634705	-2.6	-2.59944587294012	-2.4374248245731
36.9499998092651	-2.4	-0.160528311133383	-2.23947168886662	-0.00103201460316434	-2.4	-2.39887949451804	-2.23947168886662
37.0620007514954	-2.2	-0.159134757518767	-2.04086524248123	-0.000940490895152641	-2.2	-2.19896642677486	-2.04086524248123
37.1720004081726	-2	-0.161334412638096	-1.8386655873619	-0.000847311330581522	-2	-1.99938001437113	-1.8386655873619
37.2950000762939	-1.8	-0.161247480381279	-1.63875251961872	-0.000755185492911852	-1.8	-1.7984869806096	-1.63875251961872
37.41100025177	-1.6	-0.161487203463911	-1.43851279653609	-0.00066290912282769	-1.6	-1.59988053422421	-1.43851279653609
37.5060000419617	-1.4	-0.162053581885992	-1.23794641811401	-0.000570482220329035	-1.4	-1.39898750046268	-1.23794641811401
37.6290001869202	-1.2	-1.06255542049184	-0.137444579508156	-6.33385159023758E-05	-1.2	-1.1997277433984	-0.137444579508156
37.7369995117188	-0.999999999999999	-0.889667813666164	-0.110332186333835	-5.08443254994632E-05	-0.999999999999999	-1.00014133099467	-0.110332186333835
37.840000629425	-0.799999999999999	-0.713186998106538	-0.0868130018934608	-4.00059916559727E-05	-0.799999999999999	-0.798268331214786	-0.0868130018934608
37.9520001411438	-0.599999999999999	-0.536706182546912	-0.0632938174530864	-2.91676578124822E-05	-0.599999999999999	-0.599008574150503	-0.0632938174530864
38.066999912262	-0.399999999999999	-0.358265434950589	-0.0417345650494099	-1.92325184559492E-05	-0.399999999999999	-0.398768851067871	-0.0417345650494099
38.1730003356934	-0.199999999999999	-0.179824687354265	-0.0201753126457334	-9.29737909941629E-06	-0.199999999999999	-0.199509094003588	-0.0201753126457334
38.2859997749329	1.27675647831893E-15	-0.000403973739592944	0.000403973739594221	1.8616301363789E-07	1.27675647831893E-15	0.000403973739594221	0.000403973739594221
38.3950004577637	0.200000000000001	0.17836342919618	0.0216365708038211	9.97076995567792E-06	0.200000000000001	0.200643696822226	0.0216365708038211
38.4930000305176	0.400000000000001	0.356150866113604	0.0438491338863969	2.02069741411967E-05	0.400000000000001	0.400883419904858	0.0438491338863969
38.6119999885559	0.600000000000001	0.534264958370478	0.065735041629523	3.02926459122226E-05	0.600000000000001	0.599816521629691	0.065735041629523
38.7119998931885	0.800000000000001	0.712052395287903	0.0879476047120988	4.05288500977414E-05	0.800000000000001	0.799402934033424	0.0879476047120988
38.8279995918274	1	0.88722658948973	0.112773410510272	5.19693135992036E-05	1	0.999642657116055	0.112773410510272
38.9289999008179	1.2	1.06142081767321	0.138579182326794	6.38613743441446E-05	1.2	1.19988238019869	0.138579182326794
39.0390000343323	1.4	1.23071521576494	0.16928478423506	7.80114213064794E-05	1.4	1.40110206929967	0.16928478423506
39.157000541687	1.6	0.162965843360872	1.43703415663913	0.000662227721953516	1.6	1.59970851568505	1.43703415663913
39.2620005607605	1.8	0.16337943095714	1.63662056904286	0.000754203027208692	1.8	1.79994823876768	1.63662056904286
39.3780002593994	2	0.163793018553407	1.83620698144659	0.000846178332463868	2	1.99986130651087	1.83620698144659
39.4799995422363	2.2	0.160613397415729	2.03938660258427	0.000939809494278467	2.2	2.2001010295935	2.03938660258427
39.5970005989075	2.4	0.161026985011997	2.23897301498801	0.00103178479953364	2.4	2.40034075267613	2.23897301498801
39.7120003700256	2.6	0.162747193966063	2.43725280603394	0.00112315797513085	2.6	2.59960050974041	2.43725280603394
39.8280000686646	2.8	0.166427334956827	2.63357266504318	0.00121362795624109	2.8	2.80082019884139	2.63357266504318
39.9280004501343	3	0.167167577892544	2.83283242210746	0.00130545272908178	3	3.00073326658458	2.83283242210746
40.0469999313354	3.2	0.16921444218606	3.03078555781394	0.00139667537226449	3.2	3.20064633432776	3.03078555781394
40.1589999198914	3.4	0.170281340461227	3.22971865953878	0.00148834961269068	3.4	3.39957943605259	3.22971865953878
40.2620000839233	3.6	0.173308170773092	3.42669182922691	0.00157912065862991	3.6	3.59981915913522	3.42669182922691
40.3810005187988	3.8	0.178294933121654	3.62170506687835	0.00166898851008219	3.8	3.8003855375573	3.62170506687835
40.4910001754761	4	0.180341797415167	3.81965820258483	0.0017602111532649	4	3.99964529462159	3.81965820258483
40.6040000915527	3.8	0.176661656424403	3.6233383435756	0.00166974117215465	3.8	3.7997322268784	3.6233383435756
40.7160000801086	3.6	0.172654860094189	3.42734513990581	0.0015794217234589	3.6	3.60014581447467	3.42734513990581
40.8259997367859	3.4	0.168648063763976	3.23135193623602	0.00148910227476314	3.4	3.40055940207094	3.23135193623602
40.9289999008179	3.2	0.164314612094312	3.03568538790569	0.00139893335848188	3.2	3.19966636830941	3.03568538790569
41.0370001792908	3	0.161287781782447	2.83871221821755	0.00130816231254265	3	2.99975330056623	2.83871221821755
41.1490006446838	2.8	0.158260951470583	2.64173904852942	0.00121739126660342	2.8	2.80049354350194	2.64173904852942
41.2620005607605	2.6	0.161440572608261	2.43855942739174	0.00112376010478882	2.6	2.60025382041931	2.43855942739174
41.3720002174377	2.4	0.158413742296396	2.2415862577036	0.00103298905884959	2.4	2.40001409733668	2.2415862577036
41.4830002784729	2.2	0.158980120718478	2.04101987928152	0.000940562156350931	2.2	2.2007543402724	2.04101987928152
41.5940003395081	2	0.161506431177257	1.83849356882274	0.000847232059365319	2	2.00018796185032	1.83849356882274
41.6960000991821	1.8	0.16109284358099	1.63890715641901	0.000755256754110142	1.8	1.79994823876768	1.63890715641901
41.8050003051758	1.6	0.161332566663621	1.43866743333638	0.00066298038402598	1.6	1.6000351710245	1.43866743333638
41.9170002937317	1.4	0.160265668388455	1.23973433161154	0.00057130614359979	1.4	1.39979544794187	1.23973433161154
42.0279998779297	1.2	0.162465323507784	1.03753467649221	0.00047812657902867	1.2	1.19988238019869	1.03753467649221
42.1409997940063	0.999999999999999	0.887226589489727	0.112773410510272	5.19693135992036E-05	0.999999999999999	1.0006226231344	0.112773410510272
42.2510004043579	0.799999999999999	0.7120523952879	0.0879476047120988	4.05288500977414E-05	0.799999999999999	0.800056244712323	0.0879476047120988
42.3509998321533	0.599999999999999	0.533938303031026	0.0660616969689727	3.04431783267155E-05	0.599999999999999	0.600143176969141	0.0660616969689727
42.461000919342	0.399999999999999	0.356477521453052	0.0435224785469472	2.00564417267038E-05	0.399999999999999	0.400883419904858	0.0435224785469472
42.5730004310608	0.199999999999999	0.177383463177829	0.02261653682217	1.04223671991567E-05	0.199999999999999	0.200317041482776	0.02261653682217
42.6950001716614	-1.27675647831893E-15	-0.00105728441849479	0.00105728441849351	4.87227842623737E-07	-1.27675647831893E-15	-0.000249336939305067	0.00105728441849351
42.8110003471375	-0.200000000000001	-0.179824687354268	-0.0201753126457334	-9.29737909941629E-06	-0.200000000000001	-0.199509094003588	-0.0201753126457334
42.9179997444153	-0.400000000000001	-0.358265434950591	-0.0417345650494099	-1.92325184559492E-05	-0.400000000000001	-0.39942216174677	-0.0417345650494099
43.0310001373291	-0.600000000000001	-0.536706182546915	-0.0632938174530864	-2.91676578124822E-05	-0.600000000000001	-0.599335229489952	-0.0632938174530864
43.1460008621216	-0.800000000000001	-0.713186998106541	-0.0868130018934608	-4.00059916559727E-05	-0.800000000000001	-0.799248297233135	-0.0868130018934608
43.2450003623962	-1	-0.888034536968918	-0.111965463031083	-5.15969875719278E-05	-1	-1.00014133099467	-0.111965463031083
43.3590002059937	-1.2	-1.0628820758313	-0.137117924168706	-6.31879834878829E-05	-1.2	-1.19874777738005	-0.137117924168706
43.4670009613037	-1.4	-1.23348