Time (s)	Drive Voltage (V)	Bias Voltage (V)	Resistor Voltage Drop (V)	Current (A)	Raw AO0 (V)	Raw AI0 (V)	Raw AI1 (V)
0.297000885009766	-4	-6.73098260629922	2.73051198245957	0.00125830045274635	-4	-4.00047062383965	-1.26995864138007
0.430999755859375	-3.8	-6.39256767462939	2.59331673989072	0.00119507683865932	-3.8	-3.79925093473867	-1.20593419484794
0.533999919891357	-3.6	-6.05676598567516	2.45677480800077	0.00113215428940128	-3.6	-3.59999117767438	-1.14321636967361
0.643000602722168	-3.4	-5.71900436468422	2.31990622077137	0.00106908120772874	-3.4	-3.39909814391285	-1.07919192314148
0.751999855041504	-3.2	-5.38516260776669	2.18467091023922	0.00100676078812867	-3.2	-3.20049169752747	-1.01582078728825
0.873000144958496	-3	-5.0483809527941	2.04812897834927	0.000943838238870631	-3	-3.00025197444484	-0.952122996095568
0.985000133514404	-2.8	-4.71159929782152	1.91126039111987	0.000880765157198096	-2.8	-2.80033890670165	-0.889078515581787
1.08800029754639	-2.6	-4.37351102149114	1.77439180389047	0.000817692075525561	-2.6	-2.59911921760067	-0.824727413710207
1.20700073242188	-2.4	-4.03738267719746	1.63784987200052	0.000754769526267519	-2.4	-2.39953280519694	-0.761682933196425
1.31800031661987	-2.2	-3.70158098824322	1.50196125078946	0.000692148041838462	-2.2	-2.19961973745376	-0.697658486664295
1.42900037765503	-2	-3.36610595462844	1.36607262957841	0.000629526557409406	-2	-2.00003332505003	-0.633960695471615
1.53800010681152	-1.8	-3.02801767829806	1.22855073167011	0.000566152410907885	-1.8	-1.79946694662794	-0.570916214957833
1.65700054168701	-1.6	-2.69286930002272	1.09266211045906	0.000503530926478829	-1.6	-1.60020718956366	-0.507545079104602
1.76000022888184	-1.4	-2.35641430038959	0.956446833908558	0.00044075890963528	-1.4	-1.39996746648103	-0.443520632572472
1.86300039291382	-1.2	-2.01767271338031	0.818924936000258	0.000377384763133759	-1.2	-1.19874777738005	-0.379822841379792
1.97100019454956	-0.999999999999999	-1.68089105840772	0.682056348770857	0.000314311681461224	-0.999999999999999	-0.998834709636867	-0.31677836086601
2.08500003814697	-0.799999999999999	-1.34606933547184	0.546494382899255	0.000251840729446661	-0.799999999999999	-0.799574952572584	-0.25308056967333
2.20500040054321	-0.599999999999999	-1.00896102515981	0.409625795669854	0.000188767647774126	-0.599999999999999	-0.599335229489952	-0.189709433820099
2.31900024414063	-0.399999999999999	-0.671526059508324	0.272430553101003	0.000125544033687098	-0.399999999999999	-0.399095506407321	-0.126664953306317
2.42899990081787	-0.199999999999999	-0.334417749196291	0.135888621211052	6.26214844290562E-05	-0.199999999999999	-0.198529127985239	-0.0626405067741871
2.53399991989136	1.27675647831893E-15	-0.00155595829710364	0.00130662135779858	6.02129657971694E-07	1.27675647831893E-15	-0.000249336939305067	0.00105728441849351
2.65100049972534	0.200000000000001	0.335225696675479	-0.135235310532153	-6.23204196000703E-05	0.200000000000001	0.199990386143327	0.0647550756111741
2.76300048828125	0.400000000000001	0.673640628345311	-0.272757208440453	-0.000125694566101591	0.400000000000001	0.400883419904858	0.128126211464405
2.86200046539307	0.600000000000001	1.00976897263899	-0.408972484990954	-0.00018846658294514	0.600000000000001	0.60079648764804	0.191824002657086
2.97399950027466	0.800000000000001	1.34589731693268	-0.545514416880906	-0.000251389132203182	0.800000000000001	0.800382900051773	0.254868483170867
3.08500051498413	1	1.68202566122636	-0.682056348770857	-0.000314311681461224	1	0.999969312455505	0.317912963684648
3.19600009918213	1.2	2.02174721425399	-0.820231557358056	-0.000377986892791731	1.2	1.20151565689594	0.381284099537879
3.30700016021729	1.4	2.35722224786878	-0.955793523229659	-0.000440457844806294	1.4	1.40142872463912	0.445635201409459
3.42900037765503	1.6	2.69106400478631	-1.09102883376181	-0.000502778264406365	1.6	1.6000351710245	0.50900633726269
3.54100036621094	1.8	3.02947893645614	-1.22887738700956	-0.000566302943322378	1.8	1.80060154944658	0.571724162437022
3.65199995040894	2	3.36364734871313	-1.36378604220226	-0.000628472830507956	2	1.99986130651087	0.636075264308602
3.76300001144409	2.2	3.70140896970406	-1.50098128477111	-0.000691696444594984	2.2	2.20042768493295	0.699446400161833
3.86400032043457	2.4	4.03819062467664	-1.63752321666107	-0.000754618993853026	2.4	2.40066740801558	0.763144191354513
3.97399997711182	2.6	4.37497227964923	-1.77439180389047	-0.000817692075525561	2.6	2.60058047575876	0.826188671868294
4.08300018310547	2.8	4.71012065792456	-1.90995376976207	-0.000880163027540124	2.8	2.80016688816249	0.890213118400425
4.19700002670288	3	5.04918890027329	-2.04780232300982	-0.000943687706456138	3	3.00138657726347	0.953584254253656
4.30399990081787	3.2	5.38270400185138	-2.18303763354197	-0.00100600812605621	3.2	3.19966636830941	1.01662873476744
4.41900062561035	3.4	5.72111893352121	-2.32055953145027	-0.00106938227255773	3.4	3.40055940207094	1.07999987062067
4.53200006484985	3.6	6.05692062247545	-2.45644815266132	-0.00113200375698679	3.6	3.60047246981412	1.1440243171528
4.63000059127808	3.8	6.39174234541133	-2.59233677387238	-0.00119462524141584	3.8	3.79940557153896	1.20706879766658
4.74300050735474	4	6.73081058776006	-2.73018532712013	-0.00125814992033186	4	4.00062526063994	1.27043993351981
4.8580002784729	3.8	6.39402893278748	-2.59331673989072	-0.00119507683865932	3.8	3.80071219289675	1.20739545300603
4.96300029754639	3.6	6.0552873457782	-2.45546818664297	-0.00113155215974331	3.6	3.59981915913522	1.14435097249225
5.0770001411438	3.4	5.72079227818176	-2.32023287611082	-0.00106923174014324	3.4	3.40055940207094	1.08032652596012
5.17600011825562	3.2	5.38303065719083	-2.18336428888142	-0.0010061586584707	3.2	3.19966636830941	1.01630207942799
5.30000066757202	3	5.0465756575577	-2.04649570165202	-0.000943085576798166	3	3.00007995590568	0.953584254253656
5.4089994430542	2.8	4.71240724530071	-1.91126039111987	-0.000880765157198096	2.8	2.80114685418084	0.889886463060975
5.51900053024292	2.6	4.37431896897033	-1.77406514855102	-0.000817541543111068	2.6	2.60025382041931	0.826188671868294
5.63000011444092	2.4	4.03949724603444	-1.63850318267941	-0.000755070591096504	2.4	2.40099406335503	0.762490880675614
5.74100017547607	2.2	3.69977569300681	-1.49967466341332	-0.000691094314937012	2.2	2.2001010295935	0.700426366180182
5.85199975967407	2	3.36560728074983	-1.36476600822061	-0.000628924427751435	2	2.00084127252921	0.636075264308602
5.96199989318848	1.8	3.02947893645614	-1.22855073167011	-0.000566152410907885	1.8	1.80092820478603	0.572377473115921
6.07300043106079	1.6	2.69237062614411	-1.09168214444071	-0.00050307932923535	1.6	1.6006884817034	0.50900633726269
6.17400074005127	1.4	2.35526231583208	-0.955140212550759	-0.000440156779977308	1.4	1.40012210328132	0.44498189073056
6.28500080108643	1.2	2.0178273501806	-0.817944969981909	-0.000376933165890281	1.2	1.19988238019869	0.381937410216779
6.40500020980835	0.999999999999999	1.68169900588691	-0.681729693431407	-0.000314161149046731	0.999999999999999	0.999969312455505	0.318239619024098
6.50800037384033	0.799999999999999	1.34524400625378	-0.545187761541456	-0.000251238599788689	0.799999999999999	0.800056244712323	0.254868483170867
6.61600017547607	0.599999999999999	1.00748238526285	-0.407992518972605	-0.000188014985701662	0.599999999999999	0.599489866290241	0.191497347317636
6.72900009155273	0.399999999999999	0.673313973005861	-0.272757208440453	-0.000125694566101591	0.399999999999999	0.400556764565408	0.127799556124955
6.84299993515015	0.199999999999999	0.336532318033278	-0.135888621211052	-6.26214844290562E-05	0.199999999999999	0.200643696822226	0.0647550756111741
6.94100046157837	-1.27675647831893E-15	0.00203725043684244	-0.000979966018348932	-4.51597243478771E-07	-1.27675647831893E-15	0.00105728441849351	7.7318400144577E-05
7.05000019073486	-0.200000000000001	-0.33539771521464	0.136541931889951	6.2922549258042E-05	-0.200000000000001	-0.198855783324689	-0.0623138514347374
